"","CCL2","FKBP14","ACADVL","ADD1","EDEM1","HSP90B1","CUL7","WIPI1","PLA2G4B","TLN1","KLHDC3","SEC31A","XBP1","HERPUD1","DCTN1","SRPRB","HSPA5","DDX11","TATDN2","SYVN1","DNAJB11","EXTL1","ATP6V0D1","HDGF","EXTL2","CTDSP2","DDIT3","SHC1","TSPYL2","TPP1","PDIA5","EXTL3","ARFGAP1","DNAJB9","SULT1A3","DNAJC3","SERP1","IGFBP1","YIF1A","ZBTB17","LMNA","WFS1","KDELR3","CXCL8","CALR","HYOU1","GSK3A","ASNS","PREB","SSR1","CXXC1","MYDGF","PPP2R5B","GOSR2","ATF4","GFPT1","PDIA6","ATF3"
"CCL2",0,241,516,115,149,726,698,164,494,178,578,145,58,115,388,545,342,24,109,949,630,228,360,743,409,393,124,244,13,49,450,733,964,547,50,201,973,45,434,250,648,9,199,873,969,513,912,478,460,253,236,343,37,440,855,834,296,759
"FKBP14",241,0,629,271,29,892,889,660,225,377,808,979,798,607,354,134,654,46,272,115,234,259,996,149,163,172,161,822,908,843,738,13,352,51,930,741,495,619,642,295,758,732,697,76,261,385,266,224,848,564,182,419,486,408,278,592,619,46
"ACADVL",516,629,0,356,722,988,735,49,450,354,411,386,610,711,446,264,316,477,438,688,297,293,550,964,518,390,636,885,18,553,300,544,908,345,733,673,760,616,628,361,140,17,561,693,567,729,145,176,633,744,525,219,259,770,955,876,605,228
"ADD1",115,271,356,0,58,223,713,171,973,198,762,844,67,50,561,251,94,742,407,843,437,538,716,208,742,289,903,47,29,448,113,583,916,923,82,219,129,796,836,106,27,826,626,500,961,192,368,442,777,772,616,807,939,543,9,288,302,49
"EDEM1",149,29,722,58,0,582,801,392,719,28,855,43,106,426,560,944,186,761,235,653,380,228,322,883,898,739,186,427,995,409,772,332,719,888,735,81,745,100,426,357,577,1,195,568,602,771,383,446,773,178,663,318,87,410,424,992,709,134
"HSP90B1",726,892,988,223,582,0,791,245,538,730,120,195,61,168,173,330,633,375,429,848,133,116,950,685,640,719,582,262,900,114,834,234,976,823,950,184,919,398,261,735,652,369,934,740,240,639,172,171,142,782,913,287,495,565,962,99,386,882
"CUL7",698,889,735,713,801,791,0,973,690,702,810,368,204,864,929,753,740,258,622,891,947,208,572,840,786,488,551,488,857,276,675,154,378,538,909,803,987,123,849,935,504,9,343,418,810,509,278,186,832,113,340,932,174,407,584,161,894,823
"WIPI1",164,660,49,171,392,245,973,0,54,528,354,924,150,130,427,207,231,75,698,609,559,401,66,645,869,628,980,418,342,234,314,902,557,119,331,442,52,122,809,220,1000,592,189,369,223,379,575,306,291,528,253,949,946,599,420,989,788,179
"PLA2G4B",494,225,450,973,719,538,690,54,0,863,887,530,745,941,299,818,805,222,649,511,846,927,565,376,687,781,426,348,121,762,190,596,663,427,742,828,759,921,871,819,364,844,866,85,659,503,549,232,772,725,536,881,895,636,435,865,907,655
"TLN1",178,377,354,198,28,730,702,528,863,0,448,485,343,689,497,176,674,865,111,341,693,272,743,983,156,781,886,472,502,610,612,150,837,691,664,445,199,101,828,533,962,92,832,453,580,434,906,498,839,97,908,744,500,332,863,779,600,5
"KLHDC3",578,808,411,762,855,120,810,354,887,448,0,146,652,143,634,262,636,422,888,381,790,115,509,591,408,711,105,414,559,197,17,88,176,351,188,518,378,136,79,917,485,731,795,584,263,604,132,805,722,107,763,116,580,885,223,999,745,696
"SEC31A",145,979,386,844,43,195,368,924,530,485,146,0,694,378,40,524,988,979,729,30,585,41,159,835,181,808,343,128,590,563,821,710,273,291,849,908,713,639,122,541,545,197,930,88,378,191,973,740,33,810,428,343,867,979,542,509,456,173
"XBP1",58,798,610,67,106,61,204,150,745,343,652,694,0,256,462,730,701,576,611,289,875,191,764,579,495,931,483,811,596,612,452,640,470,872,486,532,961,273,560,266,508,0,429,24,843,718,892,675,773,664,485,845,359,840,618,264,557,160
"HERPUD1",115,607,711,50,426,168,864,130,941,689,143,378,256,0,17,312,601,933,671,37,706,9,30,125,102,368,19,337,790,827,958,78,163,459,307,602,775,61,641,181,0,20,618,2,390,173,897,949,703,897,342,945,350,364,310,140,138,961
"DCTN1",388,354,446,561,560,173,929,427,299,497,634,40,462,17,0,704,998,224,794,44,184,57,22,404,820,508,731,80,167,44,140,15,566,758,272,234,493,226,941,391,832,138,293,935,499,906,679,117,693,950,961,679,947,415,701,833,840,842
"SRPRB",545,134,264,251,944,330,753,207,818,176,262,524,730,312,704,0,438,770,761,502,916,179,963,758,409,565,181,988,85,290,194,486,516,47,891,249,212,841,566,813,567,554,176,277,357,715,250,246,374,273,885,965,336,467,110,919,439,248
"HSPA5",342,654,316,94,186,633,740,231,805,674,636,988,701,601,998,438,0,591,368,118,652,47,317,583,225,910,957,203,95,580,413,115,789,176,487,785,310,312,491,513,686,30,873,418,481,423,601,908,891,633,871,280,235,636,413,902,959,73
"DDX11",24,46,477,742,761,375,258,75,222,865,422,979,576,933,224,770,591,0,968,584,393,306,884,789,967,931,394,856,936,995,914,398,234,410,414,597,950,752,337,870,486,508,324,246,550,717,472,92,724,400,156,442,342,262,232,863,424,224
"TATDN2",109,272,438,407,235,429,622,698,649,111,888,729,611,671,794,761,368,968,0,485,323,526,292,230,994,332,575,734,740,650,467,452,335,634,704,473,422,152,976,193,451,139,966,995,542,551,857,947,577,366,839,457,349,922,968,699,573,5
"SYVN1",949,115,688,843,653,848,891,609,511,341,381,30,289,37,44,502,118,584,485,0,325,675,128,550,308,242,511,31,317,98,322,365,567,418,437,129,657,884,800,894,64,681,313,902,822,668,485,817,520,273,873,678,868,235,654,304,418,525
"DNAJB11",630,234,297,437,380,133,947,559,846,693,790,585,875,706,184,916,652,393,323,325,0,806,59,331,767,604,274,546,219,942,155,100,66,578,463,969,364,294,228,686,432,393,571,0,844,142,655,389,934,902,731,936,702,149,180,679,320,111
"EXTL1",228,259,293,538,228,116,208,401,927,272,115,41,191,9,57,179,47,306,526,675,806,0,5,15,75,307,55,16,894,10,473,78,157,706,924,168,147,201,896,956,1,649,589,20,133,94,589,449,392,529,59,597,959,143,497,22,44,86
"ATP6V0D1",360,996,550,716,322,950,572,66,565,743,509,159,764,30,22,963,317,884,292,128,59,5,0,923,720,644,773,199,232,23,560,540,717,556,377,170,661,9,116,230,389,109,153,698,764,826,246,870,551,792,795,176,167,973,485,363,841,283
"HDGF",743,149,964,208,883,685,840,645,376,983,591,835,579,125,404,758,583,789,230,550,331,15,923,0,641,817,952,598,692,92,968,412,619,872,739,413,333,32,351,499,152,38,553,550,39,434,403,260,845,628,773,233,178,522,597,621,879,494
"EXTL2",409,163,518,742,898,640,786,869,687,156,408,181,495,102,820,409,225,967,994,308,767,75,720,641,0,749,439,475,245,215,985,887,671,7,511,309,145,87,610,522,819,458,779,251,623,945,729,744,957,278,674,463,605,615,447,619,201,383
"CTDSP2",393,172,390,289,739,719,488,628,781,781,711,808,931,368,508,565,910,931,332,242,604,307,644,817,749,0,762,94,311,393,990,942,840,918,677,974,136,93,845,671,159,92,315,763,437,811,283,959,947,493,789,564,359,928,980,751,608,215
"DDIT3",124,161,636,903,186,582,551,980,426,886,105,343,483,19,731,181,957,394,575,511,274,55,773,952,439,762,0,528,777,65,926,966,890,73,857,552,537,953,312,905,845,828,508,697,882,380,24,288,465,314,597,70,44,941,168,521,174,101
"SHC1",244,822,885,47,427,262,488,418,348,472,414,128,811,337,80,988,203,856,734,31,546,16,199,598,475,94,528,0,145,253,946,235,507,408,606,418,623,460,396,502,294,29,186,785,660,621,446,331,951,471,980,375,352,891,320,452,364,118
"TSPYL2",13,908,18,29,995,900,857,342,121,502,559,590,596,790,167,85,95,936,740,317,219,894,232,692,245,311,777,145,0,808,840,817,408,711,901,843,924,628,94,364,999,203,721,920,44,39,121,677,270,942,422,141,8,329,863,438,251,946
"TPP1",49,843,553,448,409,114,276,234,762,610,197,563,612,827,44,290,580,995,650,98,942,10,23,92,215,393,65,253,808,0,874,134,397,614,999,920,794,392,935,453,46,49,306,402,192,50,944,752,844,945,350,842,513,921,990,87,166,867
"PDIA5",450,738,300,113,772,834,675,314,190,612,17,821,452,958,140,194,413,914,467,322,155,473,560,968,985,990,926,946,840,874,0,188,868,440,662,718,178,145,265,518,249,963,992,688,686,603,203,755,930,90,743,211,932,88,601,836,41,713
"EXTL3",733,13,544,583,332,234,154,902,596,150,88,710,640,78,15,486,115,398,452,365,100,78,540,412,887,942,966,235,817,134,188,0,857,354,705,837,412,97,206,933,47,18,118,695,877,249,70,438,782,662,197,244,20,759,187,441,310,315
"ARFGAP1",964,352,908,916,719,976,378,557,663,837,176,273,470,163,566,516,789,234,335,567,66,157,717,619,671,840,890,507,408,397,868,857,0,485,193,767,777,751,766,493,657,511,687,135,113,941,864,630,544,945,904,279,300,932,424,757,268,824
"DNAJB9",547,51,345,923,888,823,538,119,427,691,351,291,872,459,758,47,176,410,634,418,578,706,556,872,7,918,73,408,711,614,440,354,485,0,747,389,675,111,44,891,210,599,626,734,943,854,658,673,112,598,418,334,731,206,590,692,205,206
"SULT1A3",50,930,733,82,735,950,909,331,742,664,188,849,486,307,272,891,487,414,704,437,463,924,377,739,511,677,857,606,901,999,662,705,193,747,0,944,378,764,211,21,996,124,962,870,103,137,327,224,146,775,660,331,158,634,551,496,659,504
"DNAJC3",201,741,673,219,81,184,803,442,828,445,518,908,532,602,234,249,785,597,473,129,969,168,170,413,309,974,552,418,843,920,718,837,767,389,944,0,524,330,957,405,249,29,913,303,577,540,990,776,776,645,953,675,870,849,790,835,351,197
"SERP1",973,495,760,129,745,919,987,52,759,199,378,713,961,775,493,212,310,950,422,657,364,147,661,333,145,136,537,623,924,794,178,412,777,675,378,524,0,887,582,562,994,926,612,937,805,996,532,413,65,270,926,519,562,238,345,234,271,612
"IGFBP1",45,619,616,796,100,398,123,122,921,101,136,639,273,61,226,841,312,752,152,884,294,201,9,32,87,93,953,460,628,392,145,97,751,111,764,330,887,0,991,283,334,69,700,306,264,814,879,78,308,226,332,758,608,303,904,357,717,239
"YIF1A",434,642,628,836,426,261,849,809,871,828,79,122,560,641,941,566,491,337,976,800,228,896,116,351,610,845,312,396,94,935,265,206,766,44,211,957,582,991,0,390,199,251,64,76,324,372,339,74,355,883,992,661,84,971,53,641,55,56
"ZBTB17",250,295,361,106,357,735,935,220,819,533,917,541,266,181,391,813,513,870,193,894,686,956,230,499,522,671,905,502,364,453,518,933,493,891,21,405,562,283,390,0,273,165,86,221,977,153,266,89,385,586,698,937,815,791,946,656,704,28
"LMNA",648,758,140,27,577,652,504,1000,364,962,485,545,508,0,832,567,686,486,451,64,432,1,389,152,819,159,845,294,999,46,249,47,657,210,996,249,994,334,199,273,0,37,279,685,937,695,327,184,805,387,773,223,470,265,898,218,711,783
"WFS1",9,732,17,826,1,369,9,592,844,92,731,197,0,20,138,554,30,508,139,681,393,649,109,38,458,92,828,29,203,49,963,18,511,599,124,29,926,69,251,165,37,0,165,273,146,193,503,500,42,40,186,976,910,86,9,65,202,6
"KDELR3",199,697,561,626,195,934,343,189,866,832,795,930,429,618,293,176,873,324,966,313,571,589,153,553,779,315,508,186,721,306,992,118,687,626,962,913,612,700,64,86,279,165,0,441,899,293,259,288,446,506,219,891,654,652,63,869,766,947
"CXCL8",873,76,693,500,568,740,418,369,85,453,584,88,24,2,935,277,418,246,995,902,0,20,698,550,251,763,697,785,920,402,688,695,135,734,870,303,937,306,76,221,685,273,441,0,842,216,82,46,541,974,584,191,193,443,146,187,398,648
"CALR",969,261,567,961,602,240,810,223,659,580,263,378,843,390,499,357,481,550,542,822,844,133,764,39,623,437,882,660,44,192,686,877,113,943,103,577,805,264,324,977,937,146,899,842,0,924,509,900,783,753,662,232,541,704,279,736,419,925
"HYOU1",513,385,729,192,771,639,509,379,503,434,604,191,718,173,906,715,423,717,551,668,142,94,826,434,945,811,380,621,39,50,603,249,941,854,137,540,996,814,372,153,695,193,293,216,924,0,284,407,243,477,668,596,172,555,243,954,134,116
"GSK3A",912,266,145,368,383,172,278,575,549,906,132,973,892,897,679,250,601,472,857,485,655,589,246,403,729,283,24,446,121,944,203,70,864,658,327,990,532,879,339,266,327,503,259,82,509,284,0,871,883,976,481,973,688,771,164,192,315,233
"ASNS",478,224,176,442,446,171,186,306,232,498,805,740,675,949,117,246,908,92,947,817,389,449,870,260,744,959,288,331,677,752,755,438,630,673,224,776,413,78,74,89,184,500,288,46,900,407,871,0,13,303,872,959,497,995,978,840,865,104
"PREB",460,848,633,777,773,142,832,291,772,839,722,33,773,703,693,374,891,724,577,520,934,392,551,845,957,947,465,951,270,844,930,782,544,112,146,776,65,308,355,385,805,42,446,541,783,243,883,13,0,969,619,686,736,571,771,834,797,498
"SSR1",253,564,744,772,178,782,113,528,725,97,107,810,664,897,950,273,633,400,366,273,902,529,792,628,278,493,314,471,942,945,90,662,945,598,775,645,270,226,883,586,387,40,506,974,753,477,976,303,969,0,308,408,798,788,598,939,519,53
"CXXC1",236,182,525,616,663,913,340,253,536,908,763,428,485,342,961,885,871,156,839,873,731,59,795,773,674,789,597,980,422,350,743,197,904,418,660,953,926,332,992,698,773,186,219,584,662,668,481,872,619,308,0,824,843,990,782,202,939,842
"MYDGF",343,419,219,807,318,287,932,949,881,744,116,343,845,945,679,965,280,442,457,678,936,597,176,233,463,564,70,375,141,842,211,244,279,334,331,675,519,758,661,937,223,976,891,191,232,596,973,959,686,408,824,0,897,914,2,878,186,201
"PPP2R5B",37,486,259,939,87,495,174,946,895,500,580,867,359,350,947,336,235,342,349,868,702,959,167,178,605,359,44,352,8,513,932,20,300,731,158,870,562,608,84,815,470,910,654,193,541,172,688,497,736,798,843,897,0,343,63,227,709,76
"GOSR2",440,408,770,543,410,565,407,599,636,332,885,979,840,364,415,467,636,262,922,235,149,143,973,522,615,928,941,891,329,921,88,759,932,206,634,849,238,303,971,791,265,86,652,443,704,555,771,995,571,788,990,914,343,0,768,652,671,129
"ATF4",855,278,955,9,424,962,584,420,435,863,223,542,618,310,701,110,413,232,968,654,180,497,485,597,447,980,168,320,863,990,601,187,424,590,551,790,345,904,53,946,898,9,63,146,279,243,164,978,771,598,782,2,63,768,0,805,314,297
"GFPT1",834,592,876,288,992,99,161,989,865,779,999,509,264,140,833,919,902,863,699,304,679,22,363,621,619,751,521,452,438,87,836,441,757,692,496,835,234,357,641,656,218,65,869,187,736,954,192,840,834,939,202,878,227,652,805,0,862,572
"PDIA6",296,619,605,302,709,386,894,788,907,600,745,456,557,138,840,439,959,424,573,418,320,44,841,879,201,608,174,364,251,166,41,310,268,205,659,351,271,717,55,704,711,202,766,398,419,134,315,865,797,519,939,186,709,671,314,862,0,185
"ATF3",759,46,228,49,134,882,823,179,655,5,696,173,160,961,842,248,73,224,5,525,111,86,283,494,383,215,101,118,946,867,713,315,824,206,504,197,612,239,56,28,783,6,947,648,925,116,233,104,498,53,842,201,76,129,297,572,185,0
