"","CCL2","FKBP14","ACADVL","ADD1","EDEM1","HSP90B1","CUL7","WIPI1","PLA2G4B","TLN1","KLHDC3","SEC31A","XBP1","HERPUD1","DCTN1","SRPRB","HSPA5","DDX11","TATDN2","SYVN1","DNAJB11","EXTL1","ATP6V0D1","HDGF","EXTL2","CTDSP2","DDIT3","SHC1","TSPYL2","TPP1","PDIA5","EXTL3","ARFGAP1","DNAJB9","SULT1A3","DNAJC3","SERP1","IGFBP1","YIF1A","ZBTB17","LMNA","WFS1","KDELR3","CXCL8","CALR","HYOU1","GSK3A","ASNS","PREB","SSR1","CXXC1","MYDGF","PPP2R5B","GOSR2","ATF4","GFPT1","PDIA6","ATF3"
"CCL2",0,18,34,660,800,77,920,0,896,0,18,608,0,54,585,26,147,516,9,0,73,18,91,253,954,14,773,547,49,38,0,53,0,11,657,1,44,724,78,356,660,925,38,813,172,401,156,380,66,70,364,78,42,0,42,466,332,547
"FKBP14",18,0,562,350,427,221,533,119,78,7,755,10,92,552,802,150,316,283,317,217,939,567,398,62,824,11,434,32,508,0,25,61,69,299,589,2,455,350,931,556,0,823,113,147,237,14,636,828,696,28,416,851,110,15,51,6,100,662
"ACADVL",34,562,0,49,180,176,218,174,83,74,807,118,2,373,809,113,430,459,13,2,300,2,371,16,122,579,320,440,865,133,144,837,150,62,7,79,90,914,301,201,946,297,4,99,922,645,890,527,352,342,13,444,45,10,730,18,85,778
"ADD1",660,350,49,0,387,625,768,920,2,823,915,283,54,74,87,203,509,650,308,138,932,406,480,13,708,704,846,217,145,742,460,689,171,484,0,75,78,348,683,321,689,666,912,9,182,561,57,566,834,17,324,762,985,975,710,262,243,367
"EDEM1",800,427,180,387,0,859,460,756,123,755,548,140,120,256,70,221,302,321,348,78,110,747,635,654,557,129,342,315,980,347,885,141,737,672,964,1,482,748,45,150,119,771,822,670,900,316,367,263,281,270,916,495,477,69,368,21,432,857
"HSP90B1",77,221,176,625,859,0,722,107,994,17,825,879,708,135,525,934,289,792,37,578,112,954,516,492,366,367,108,259,18,196,822,263,48,598,547,728,535,801,168,318,7,937,24,239,264,33,609,203,518,957,233,12,209,534,385,316,767,251
"CUL7",920,533,218,768,460,722,0,576,302,479,146,531,251,297,167,348,651,459,991,273,539,202,338,364,19,385,272,554,943,109,61,3,597,81,486,727,173,539,256,330,324,143,454,295,140,756,929,801,149,171,347,64,572,831,981,630,549,231
"WIPI1",0,119,174,920,756,107,576,0,738,17,194,262,716,776,841,311,181,603,424,956,451,475,94,222,398,38,738,12,839,21,28,49,10,836,748,267,341,5,670,979,4,304,223,826,528,134,824,884,551,777,87,179,15,18,170,895,115,922
"PLA2G4B",896,78,83,2,123,994,302,738,0,958,283,438,17,536,782,117,280,985,214,10,106,326,520,94,913,693,529,884,451,745,75,492,226,110,103,209,52,226,212,341,850,156,37,867,285,947,491,790,578,205,155,789,752,263,645,965,180,219
"TLN1",0,7,74,823,755,17,479,17,958,0,705,754,63,105,147,224,504,79,3,90,85,283,627,851,639,6,962,517,999,8,2,339,33,141,581,195,21,668,764,859,734,94,9,898,299,691,67,763,245,397,71,622,619,143,107,746,67,186
"KLHDC3",18,755,807,915,548,825,146,194,283,705,0,104,365,807,52,498,340,189,762,650,293,524,418,66,190,552,646,615,528,430,256,83,823,66,574,75,233,520,255,661,351,372,31,536,977,808,416,202,783,218,59,682,464,100,618,281,905,76
"SEC31A",608,10,118,283,140,879,531,262,438,754,104,0,883,624,491,167,681,986,190,575,922,140,318,168,783,4,151,151,129,19,907,0,582,585,597,6,506,551,121,39,224,609,758,216,635,876,580,476,415,217,324,133,972,612,426,244,329,910
"XBP1",0,92,2,54,120,708,251,716,17,63,365,883,0,292,383,468,881,394,478,236,897,638,426,898,897,17,132,230,266,48,256,239,855,159,282,50,883,281,247,24,774,98,909,14,380,734,950,257,675,221,0,654,69,14,340,156,24,169
"HERPUD1",54,552,373,74,256,135,297,776,536,105,807,624,292,0,653,369,398,879,96,173,278,69,33,47,607,946,50,803,109,79,980,791,852,397,819,758,166,974,102,559,743,827,400,639,119,765,120,946,461,842,501,948,593,97,489,745,489,740
"DCTN1",585,802,809,87,70,525,167,841,782,147,52,491,383,653,0,781,226,122,713,775,121,641,154,977,126,1000,692,659,238,264,556,133,357,810,983,329,824,405,19,168,75,630,102,354,423,851,519,206,584,843,545,131,792,909,571,0,340,87
"SRPRB",26,150,113,203,221,934,348,311,117,224,498,167,468,369,781,0,265,128,794,308,685,866,196,149,99,187,230,911,9,208,207,889,687,984,2,101,564,733,404,356,30,204,24,6,223,163,829,416,958,9,4,896,374,468,939,513,410,986
"HSPA5",147,316,430,509,302,289,651,181,280,504,340,681,881,398,226,265,0,573,119,822,417,701,65,13,456,834,826,169,32,521,676,815,41,842,79,829,994,735,290,213,28,116,384,324,79,295,439,109,372,501,100,26,329,374,466,261,543,370
"DDX11",516,283,459,650,321,792,459,603,985,79,189,986,394,879,122,128,573,0,438,730,391,72,899,431,998,775,116,398,81,200,696,827,349,86,824,701,191,395,107,342,849,847,374,156,820,727,498,648,593,712,959,432,218,100,113,826,613,249
"TATDN2",9,317,13,308,348,37,991,424,214,3,762,190,478,96,713,794,119,438,0,33,490,626,104,178,336,7,983,405,133,0,687,505,945,544,215,90,613,238,917,136,10,312,508,20,228,103,223,808,821,82,197,602,342,16,536,723,109,339
"SYVN1",0,217,2,138,78,578,273,956,10,90,650,575,236,173,775,308,822,730,33,0,255,521,95,215,912,42,923,488,641,10,147,916,245,407,259,300,853,618,6,711,705,672,785,53,794,208,66,931,222,181,219,366,71,31,509,570,26,529
"DNAJB11",73,939,300,932,110,112,539,451,106,85,293,922,897,278,121,685,417,391,490,255,0,888,271,140,64,413,503,391,12,686,213,221,83,923,5,406,133,596,4,403,3,95,81,468,49,97,513,340,144,972,4,25,228,820,1000,154,208,19
"EXTL1",18,567,2,406,747,954,202,475,326,283,524,140,638,69,641,866,701,72,626,521,888,0,276,313,7,394,529,232,265,962,66,233,996,730,919,818,736,638,317,213,211,341,82,110,933,476,239,263,253,943,1,594,223,978,148,96,598,477
"ATP6V0D1",91,398,371,480,635,516,338,94,520,627,418,318,426,33,154,196,65,899,104,95,271,276,0,260,12,31,312,586,73,160,2,322,73,673,446,935,687,808,23,186,18,480,0,752,5,56,444,344,52,325,335,8,309,377,761,272,151,372
"HDGF",253,62,16,13,654,492,364,222,94,851,66,168,898,47,977,149,13,431,178,215,140,313,260,0,99,833,998,996,4,305,700,690,951,641,100,339,686,155,188,499,79,6,90,0,78,158,859,455,730,48,3,370,327,475,897,964,163,969
"EXTL2",954,824,122,708,557,366,19,398,913,639,190,783,897,607,126,99,456,998,336,912,64,7,12,99,0,971,188,17,784,76,278,598,183,207,327,486,209,711,17,28,196,333,696,476,321,900,386,317,31,561,969,68,390,320,958,433,364,534
"CTDSP2",14,11,579,704,129,367,385,38,693,6,552,4,17,946,1000,187,834,775,7,42,413,394,31,833,971,0,65,494,431,58,245,553,636,439,49,6,758,923,747,452,326,686,0,200,953,177,778,953,295,24,148,610,171,640,486,4,317,742
"DDIT3",773,434,320,846,342,108,272,738,529,962,646,151,132,50,692,230,826,116,983,923,503,529,312,998,188,65,0,998,24,618,948,40,378,116,809,100,194,186,269,232,966,315,430,519,323,785,645,930,850,177,484,814,568,240,459,25,814,90
"SHC1",547,32,440,217,315,259,554,12,884,517,615,151,230,803,659,911,169,398,405,488,391,232,586,996,17,494,998,0,203,16,395,920,92,707,716,34,853,776,733,564,868,164,34,97,83,72,570,173,262,22,751,620,339,200,622,314,347,928
"TSPYL2",49,508,865,145,980,18,943,839,451,999,528,129,266,109,238,9,32,81,133,641,12,265,73,4,784,431,24,203,0,737,357,37,43,219,956,425,375,846,54,825,587,170,506,451,54,372,849,179,289,180,270,484,239,127,314,330,86,976
"TPP1",38,0,133,742,347,196,109,21,745,8,430,19,48,79,264,208,521,200,0,10,686,962,160,305,76,58,618,16,737,0,3,763,6,258,862,53,832,419,386,318,204,753,20,900,46,10,459,680,980,26,50,87,237,58,57,229,62,197
"PDIA5",0,25,144,460,885,822,61,28,75,2,256,907,256,980,556,207,676,696,687,147,213,66,2,700,278,245,948,395,357,3,0,645,12,323,354,160,267,641,121,644,3,977,23,16,482,468,820,259,434,75,1,564,15,160,74,283,678,917
"EXTL3",53,61,837,689,141,263,3,49,492,339,83,0,239,791,133,889,815,827,505,916,221,233,322,690,598,553,40,920,37,763,645,0,835,608,369,13,313,412,224,787,316,374,317,4,812,262,644,655,189,16,553,694,606,840,607,0,840,181
"ARFGAP1",0,69,150,171,737,48,597,10,226,33,823,582,855,852,357,687,41,349,945,245,83,996,73,951,183,636,378,92,43,6,12,835,0,689,858,992,837,558,193,935,10,196,5,530,670,173,958,489,235,719,193,215,109,625,774,436,238,679
"DNAJB9",11,299,62,484,672,598,81,836,110,141,66,585,159,397,810,984,842,86,544,407,923,730,673,641,207,439,116,707,219,258,323,608,689,0,31,44,391,796,329,352,102,731,651,46,871,832,943,6,383,780,2,973,794,952,475,567,499,311
"SULT1A3",657,589,7,0,964,547,486,748,103,581,574,597,282,819,983,2,79,824,215,259,5,919,446,100,327,49,809,716,956,862,354,369,858,31,0,44,2,952,965,706,597,5,237,71,436,673,882,576,845,357,18,526,727,228,635,170,400,496
"DNAJC3",1,2,79,75,1,728,727,267,209,195,75,6,50,758,329,101,829,701,90,300,406,818,935,339,486,6,100,34,425,53,160,13,992,44,44,0,534,115,181,4,129,465,184,42,864,922,443,290,474,1,13,618,293,228,705,0,107,356
"SERP1",44,455,90,78,482,535,173,341,52,21,233,506,883,166,824,564,994,191,613,853,133,736,687,686,209,758,194,853,375,832,267,313,837,391,2,534,0,966,282,598,12,190,951,1,293,264,577,285,915,651,20,536,672,799,219,759,544,273
"IGFBP1",724,350,914,348,748,801,539,5,226,668,520,551,281,974,405,733,735,395,238,618,596,638,808,155,711,923,186,776,846,419,641,412,558,796,952,115,966,0,349,179,112,31,693,990,832,416,246,126,958,871,458,795,454,904,277,861,857,338
"YIF1A",78,931,301,683,45,168,256,670,212,764,255,121,247,102,19,404,290,107,917,6,4,317,23,188,17,747,269,733,54,386,121,224,193,329,965,181,282,349,0,421,87,382,690,656,192,684,324,39,19,701,28,33,531,683,557,8,130,388
"ZBTB17",356,556,201,321,150,318,330,979,341,859,661,39,24,559,168,356,213,342,136,711,403,213,186,499,28,452,232,564,825,318,644,787,935,352,706,4,598,179,421,0,42,334,999,694,662,757,216,436,689,248,522,585,834,529,650,4,558,800
"LMNA",660,0,946,689,119,7,324,4,850,734,351,224,774,743,75,30,28,849,10,705,3,211,18,79,196,326,966,868,587,204,3,316,10,102,597,129,12,112,87,42,0,315,0,825,1,4,307,982,57,113,840,31,163,144,496,260,25,806
"WFS1",925,823,297,666,771,937,143,304,156,94,372,609,98,827,630,204,116,847,312,672,95,341,480,6,333,686,315,164,170,753,977,374,196,731,5,465,190,31,382,334,315,0,390,261,420,891,573,948,123,129,849,43,754,838,728,961,636,916
"KDELR3",38,113,4,912,822,24,454,223,37,9,31,758,909,400,102,24,384,374,508,785,81,82,0,90,696,0,430,34,506,20,23,317,5,651,237,184,951,693,690,999,0,390,0,470,46,563,855,368,163,128,0,213,347,19,245,160,40,789
"CXCL8",813,147,99,9,670,239,295,826,867,898,536,216,14,639,354,6,324,156,20,53,468,110,752,0,476,200,519,97,451,900,16,4,530,46,71,42,1,990,656,694,825,261,470,0,287,129,46,174,283,66,855,206,418,88,12,0,90,283
"CALR",172,237,922,182,900,264,140,528,285,299,977,635,380,119,423,223,79,820,228,794,49,933,5,78,321,953,323,83,54,46,482,812,670,871,436,864,293,832,192,662,1,420,46,287,0,227,596,20,578,548,7,248,315,410,954,41,97,394
"HYOU1",401,14,645,561,316,33,756,134,947,691,808,876,734,765,851,163,295,727,103,208,97,476,56,158,900,177,785,72,372,10,468,262,173,832,673,922,264,416,684,757,4,891,563,129,227,0,408,60,959,172,81,33,37,12,722,194,275,251
"GSK3A",156,636,890,57,367,609,929,824,491,67,416,580,950,120,519,829,439,498,223,66,513,239,444,859,386,778,645,570,849,459,820,644,958,943,882,443,577,246,324,216,307,573,855,46,596,408,0,658,909,838,751,914,44,825,715,997,720,946
"ASNS",380,828,527,566,263,203,801,884,790,763,202,476,257,946,206,416,109,648,808,931,340,263,344,455,317,953,930,173,179,680,259,655,489,6,576,290,285,126,39,436,982,948,368,174,20,60,658,0,915,106,695,87,260,294,303,333,421,885
"PREB",66,696,352,834,281,518,149,551,578,245,783,415,675,461,584,958,372,593,821,222,144,253,52,730,31,295,850,262,289,980,434,189,235,383,845,474,915,958,19,689,57,123,163,283,578,959,909,915,0,965,271,10,886,454,362,4,417,12
"SSR1",70,28,342,17,270,957,171,777,205,397,218,217,221,842,843,9,501,712,82,181,972,943,325,48,561,24,177,22,180,26,75,16,719,780,357,1,651,871,701,248,113,129,128,66,548,172,838,106,965,0,40,176,644,309,885,3,76,470
"CXXC1",364,416,13,324,916,233,347,87,155,71,59,324,0,501,545,4,100,959,197,219,4,1,335,3,969,148,484,751,270,50,1,553,193,2,18,13,20,458,28,522,840,849,0,855,7,81,751,695,271,40,0,53,92,6,82,111,311,896
"MYDGF",78,851,444,762,495,12,64,179,789,622,682,133,654,948,131,896,26,432,602,366,25,594,8,370,68,610,814,620,484,87,564,694,215,973,526,618,536,795,33,585,31,43,213,206,248,33,914,87,10,176,53,0,513,824,271,15,287,996
"PPP2R5B",42,110,45,985,477,209,572,15,752,619,464,972,69,593,792,374,329,218,342,71,228,223,309,327,390,171,568,339,239,237,15,606,109,794,727,293,672,454,531,834,163,754,347,418,315,37,44,260,886,644,92,513,0,322,144,886,126,129
"GOSR2",0,15,10,975,69,534,831,18,263,143,100,612,14,97,909,468,374,100,16,31,820,978,377,475,320,640,240,200,127,58,160,840,625,952,228,228,799,904,683,529,144,838,19,88,410,12,825,294,454,309,6,824,322,0,616,471,124,580
"ATF4",42,51,730,710,368,385,981,170,645,107,618,426,340,489,571,939,466,113,536,509,1000,148,761,897,958,486,459,622,314,57,74,607,774,475,635,705,219,277,557,650,496,728,245,12,954,722,715,303,362,885,82,271,144,616,0,497,152,796
"GFPT1",466,6,18,262,21,316,630,895,965,746,281,244,156,745,0,513,261,826,723,570,154,96,272,964,433,4,25,314,330,229,283,0,436,567,170,0,759,861,8,4,260,961,160,0,41,194,997,333,4,3,111,15,886,471,497,0,165,230
"PDIA6",332,100,85,243,432,767,549,115,180,67,905,329,24,489,340,410,543,613,109,26,208,598,151,163,364,317,814,347,86,62,678,840,238,499,400,107,544,857,130,558,25,636,40,90,97,275,720,421,417,76,311,287,126,124,152,165,0,159
"ATF3",547,662,778,367,857,251,231,922,219,186,76,910,169,740,87,986,370,249,339,529,19,477,372,969,534,742,90,928,976,197,917,181,679,311,496,356,273,338,388,800,806,916,789,283,394,251,946,885,12,470,896,996,129,580,796,230,159,0
