"","CCL2","FKBP14","ACADVL","ADD1","EDEM1","HSP90B1","CUL7","WIPI1","PLA2G4B","TLN1","KLHDC3","SEC31A","XBP1","HERPUD1","DCTN1","SRPRB","HSPA5","DDX11","TATDN2","SYVN1","DNAJB11","EXTL1","ATP6V0D1","HDGF","EXTL2","CTDSP2","DDIT3","SHC1","TSPYL2","TPP1","PDIA5","EXTL3","ARFGAP1","DNAJB9","SULT1A3","DNAJC3","SERP1","IGFBP1","YIF1A","ZBTB17","LMNA","WFS1","KDELR3","CXCL8","CALR","HYOU1","GSK3A","ASNS","PREB","SSR1","CXXC1","MYDGF","PPP2R5B","GOSR2","ATF4","GFPT1","PDIA6","ATF3"
"CCL2",0,229,42,935,505,0,47,149,373,314,397,118,23,24,7,93,86,502,935,13,748,67,252,134,182,192,512,797,432,202,479,577,678,825,872,961,4,379,9,428,383,348,513,545,4,0,27,2,48,32,298,27,263,935,600,457,139,519
"FKBP14",229,0,436,706,976,61,784,919,388,11,684,161,863,378,630,907,553,84,17,686,180,834,453,818,6,0,177,37,331,113,415,187,521,146,961,953,34,845,740,591,43,421,694,458,507,93,691,389,325,637,206,19,807,0,463,37,474,95
"ACADVL",42,436,0,9,44,731,149,483,716,94,0,293,827,3,1,315,860,0,191,962,719,80,435,126,70,227,0,876,61,0,573,885,1,10,7,528,770,448,6,0,34,605,275,28,996,10,3,6,1,283,0,586,110,437,0,629,576,800
"ADD1",935,706,9,0,123,877,80,774,449,17,0,35,32,1,1,246,232,0,1000,52,408,39,883,22,106,796,0,393,132,9,5,156,55,0,193,10,832,307,0,0,2,0,37,19,7,24,25,3,3,460,0,0,212,95,11,225,400,10
"EDEM1",505,976,44,123,0,49,25,676,16,347,348,977,711,493,775,135,82,1,110,56,459,743,657,1,305,85,97,13,490,469,3,0,717,619,552,68,565,908,733,643,90,167,11,33,100,40,636,106,355,0,512,670,472,0,771,13,0,319
"HSP90B1",0,61,731,877,49,0,792,119,140,816,427,544,1,204,365,50,1,0,984,19,157,84,20,397,31,562,321,218,26,13,487,85,4,0,591,61,36,415,164,862,988,8,521,169,2,161,929,517,446,763,535,19,304,427,632,782,13,98
"CUL7",47,784,149,80,25,792,0,824,973,313,916,714,0,547,11,304,134,11,27,26,21,32,129,69,33,3,211,208,88,724,642,47,78,213,68,172,4,457,375,33,416,0,658,477,814,603,0,0,0,729,59,571,4,31,10,906,994,402
"WIPI1",149,919,483,774,676,119,824,0,312,707,26,473,165,39,99,151,377,0,492,260,499,845,58,162,1,286,598,638,864,81,317,185,514,26,187,639,407,938,414,197,668,603,144,7,733,509,2,314,328,463,42,121,702,615,601,173,211,897
"PLA2G4B",373,388,716,449,16,140,973,312,0,222,6,210,5,31,853,3,16,0,882,282,523,889,572,982,164,665,0,530,63,149,900,838,0,0,191,8,2,340,752,6,485,14,237,294,969,437,821,0,338,9,0,200,286,560,24,240,17,56
"TLN1",314,11,94,17,347,816,313,707,222,0,784,294,259,37,625,377,286,354,1,781,804,225,17,79,55,0,175,306,5,1,394,937,0,891,238,848,580,354,492,714,264,55,795,381,61,46,4,60,776,605,391,277,224,0,705,131,179,644
"KLHDC3",397,684,0,0,348,427,916,26,6,784,0,564,0,422,0,63,438,19,915,278,0,28,0,188,694,26,2,303,109,635,15,305,4,69,0,284,302,632,9,1,673,0,29,248,10,48,1,894,4,1,77,96,274,109,655,20,5,135
"SEC31A",118,161,293,35,977,544,714,473,210,294,564,0,240,219,808,82,445,302,667,510,2,55,109,35,11,65,170,23,286,19,0,109,66,861,346,240,922,128,692,503,483,578,0,411,32,893,256,640,799,16,704,998,898,140,41,363,55,961
"XBP1",23,863,827,32,711,1,0,165,5,259,0,240,0,2,36,0,0,222,460,538,91,29,4,0,0,544,652,79,79,2,0,0,8,386,182,2,0,90,788,364,3,2,0,0,0,0,0,0,25,0,99,45,623,871,78,0,0,945
"HERPUD1",24,378,3,1,493,204,547,39,31,37,422,219,2,0,8,167,384,209,24,849,5,217,3,461,237,552,70,512,620,976,0,212,43,822,512,443,290,279,825,667,573,36,213,33,145,830,171,9,634,241,90,374,552,903,195,261,0,409
"DCTN1",7,630,1,1,775,365,11,99,853,625,0,808,36,8,0,363,390,790,850,798,223,512,456,127,362,208,68,718,508,442,478,259,174,882,14,859,21,927,4,51,147,162,447,683,113,67,0,280,107,671,18,29,819,767,851,348,40,197
"SRPRB",93,907,315,246,135,50,304,151,3,377,63,82,0,167,363,0,15,48,679,20,922,229,875,919,789,639,0,534,3,66,750,229,0,0,396,16,355,544,704,99,884,10,468,424,270,363,671,788,953,0,51,705,772,616,556,124,0,0
"HSPA5",86,553,860,232,82,1,134,377,16,286,438,445,0,384,390,15,0,29,596,77,153,530,262,170,898,261,470,899,2,86,142,995,4,0,552,3,0,507,840,819,551,211,904,642,1,5,143,796,904,0,724,105,803,154,784,124,0,16
"DDX11",502,84,0,0,1,0,11,0,0,354,19,302,222,209,790,48,29,0,700,7,2,673,671,183,696,701,288,9,0,2,792,618,28,88,271,398,845,680,790,222,958,9,760,666,2,23,787,243,435,393,923,90,88,371,450,967,4,449
"TATDN2",935,17,191,1000,110,984,27,492,882,1,915,667,460,24,850,679,596,700,0,45,752,328,98,239,111,102,495,46,57,70,318,21,972,6,292,63,40,433,371,436,726,885,702,694,589,621,487,715,176,52,407,806,434,297,977,591,5,782
"SYVN1",13,686,962,52,56,19,26,260,282,781,278,510,538,849,798,20,77,7,45,0,199,243,103,0,35,492,225,144,686,916,13,21,36,965,384,7,8,620,1,710,888,131,60,161,35,0,308,0,43,1,478,429,735,370,176,8,0,142
"DNAJB11",748,180,719,408,459,157,21,499,523,804,0,2,91,5,223,922,153,2,752,199,0,57,122,121,190,721,685,415,644,1,570,44,768,0,739,32,866,794,333,854,651,452,34,281,710,223,861,488,673,286,520,378,573,328,484,858,514,0
"EXTL1",67,834,80,39,743,84,32,845,889,225,28,55,29,217,512,229,530,673,328,243,57,0,260,456,874,182,624,942,756,210,17,46,763,999,17,889,69,204,14,41,878,86,2,145,645,953,0,428,863,393,6,256,293,590,842,76,297,841
"ATP6V0D1",252,453,435,883,657,20,129,58,572,17,0,109,4,3,456,875,262,671,98,103,122,260,0,653,8,973,747,225,154,8,74,126,342,859,708,448,127,567,1,205,75,224,692,477,0,317,100,6,12,14,2,73,59,965,65,283,1,160
"HDGF",134,818,126,22,1,397,69,162,982,79,188,35,0,461,127,919,170,183,239,0,121,456,653,0,124,257,338,24,721,0,73,163,531,20,95,976,6,63,23,164,623,0,701,321,581,351,56,225,172,639,171,173,0,394,110,565,76,0
"EXTL2",182,6,70,106,305,31,33,1,164,55,694,11,0,237,362,789,898,696,111,35,190,874,8,124,0,0,809,2,352,5,91,31,359,810,778,693,713,728,542,672,144,13,391,874,486,20,292,18,637,532,355,593,186,0,87,230,114,225
"CTDSP2",192,0,227,796,85,562,3,286,665,0,26,65,544,552,208,639,261,701,102,492,721,182,973,257,0,0,0,2,997,237,0,0,453,373,599,253,408,404,723,891,6,896,6,6,111,177,747,193,115,0,986,360,111,0,566,386,0,166
"DDIT3",512,177,0,0,97,321,211,598,0,175,2,170,652,70,68,0,470,288,495,225,685,624,747,338,809,0,0,468,235,168,73,932,5,111,50,73,569,946,1,0,0,8,580,936,183,288,8,19,4,4,0,49,127,73,38,0,250,317
"SHC1",797,37,876,393,13,218,208,638,530,306,303,23,79,512,718,534,899,9,46,144,415,942,225,24,2,2,468,0,877,19,90,12,685,911,400,135,502,938,743,273,473,779,30,5,457,344,122,512,5,1,135,741,19,2,800,648,31,509
"TSPYL2",432,331,61,132,490,26,88,864,63,5,109,286,79,620,508,3,2,0,57,686,644,756,154,721,352,997,235,877,0,402,69,5,94,118,226,81,4,750,748,67,8,30,847,195,762,646,55,0,878,42,7,416,398,627,3,75,973,84
"TPP1",202,113,0,9,469,13,724,81,149,1,635,19,2,976,442,66,86,2,70,916,1,210,8,0,5,237,168,19,402,0,0,55,90,762,386,110,525,392,524,144,34,27,0,2,6,532,739,26,505,0,884,799,398,99,558,136,0,368
"PDIA5",479,415,573,5,3,487,642,317,900,394,15,0,0,0,478,750,142,792,318,13,570,17,74,73,91,0,73,90,69,0,0,599,678,1,793,27,198,895,724,791,725,19,278,533,272,52,802,261,762,113,343,939,52,0,226,132,844,171
"EXTL3",577,187,885,156,0,85,47,185,838,937,305,109,0,212,259,229,995,618,21,21,44,46,126,163,31,0,932,12,5,55,599,0,239,437,526,30,428,888,275,468,209,5,104,707,46,683,173,195,634,208,333,336,285,0,836,346,199,258
"ARFGAP1",678,521,1,55,717,4,78,514,0,0,4,66,8,43,174,0,4,28,972,36,768,763,342,531,359,453,5,685,94,90,678,239,0,14,413,7,6,831,92,0,0,439,767,233,659,268,534,17,272,0,0,654,548,336,67,0,7,60
"DNAJB9",825,146,10,0,619,0,213,26,0,891,69,861,386,822,882,0,0,88,6,965,0,999,859,20,810,373,111,911,118,762,1,437,14,0,319,10,11,237,339,507,367,720,636,478,11,59,276,118,73,0,790,433,279,416,65,362,0,497
"SULT1A3",872,961,7,193,552,591,68,187,191,238,0,346,182,512,14,396,552,271,292,384,739,17,708,95,778,599,50,400,226,386,793,526,413,319,0,509,751,533,397,0,315,390,303,697,550,8,209,0,140,186,0,964,951,712,68,155,760,787
"DNAJC3",961,953,528,10,68,61,172,639,8,848,284,240,2,443,859,16,3,398,63,7,32,889,448,976,693,253,73,135,81,110,27,30,7,10,509,0,2,826,741,166,616,274,196,749,114,140,185,213,453,1,460,412,21,28,570,45,1,319
"SERP1",4,34,770,832,565,36,4,407,2,580,302,922,0,290,21,355,0,845,40,8,866,69,127,6,713,408,569,502,4,525,198,428,6,11,751,2,0,637,442,603,355,2,618,520,255,10,70,380,33,10,836,262,526,132,570,294,0,474
"IGFBP1",379,845,448,307,908,415,457,938,340,354,632,128,90,279,927,544,507,680,433,620,794,204,567,63,728,404,946,938,750,392,895,888,831,237,533,826,637,0,109,125,692,345,137,86,364,953,894,34,797,199,608,748,54,916,123,836,615,248
"YIF1A",9,740,6,0,733,164,375,414,752,492,9,692,788,825,4,704,840,790,371,1,333,14,1,23,542,723,1,743,748,524,724,275,92,339,397,741,442,109,0,1,0,0,880,530,93,195,5,18,3,60,0,1,955,66,3,163,691,271
"ZBTB17",428,591,0,0,643,862,33,197,6,714,1,503,364,667,51,99,819,222,436,710,854,41,205,164,672,891,0,273,67,144,791,468,0,507,0,166,603,125,1,0,10,521,870,924,739,389,9,39,4,403,0,165,576,658,0,175,111,860
"LMNA",383,43,34,2,90,988,416,668,485,264,673,483,3,573,147,884,551,958,726,888,651,878,75,623,144,6,0,473,8,34,725,209,0,367,315,616,355,692,0,10,0,2,945,88,340,394,46,118,28,347,21,199,6,3,78,536,16,901
"WFS1",348,421,605,0,167,8,0,603,14,55,0,578,2,36,162,10,211,9,885,131,452,86,224,0,13,896,8,779,30,27,19,5,439,720,390,274,2,345,0,521,2,0,0,3,0,0,9,0,0,1,136,26,229,72,3,24,0,85
"KDELR3",513,694,275,37,11,521,658,144,237,795,29,0,0,213,447,468,904,760,702,60,34,2,692,701,391,6,580,30,847,0,278,104,767,636,303,196,618,137,880,870,945,0,0,636,824,23,65,7,85,962,365,896,80,0,193,843,86,43
"CXCL8",545,458,28,19,33,169,477,7,294,381,248,411,0,33,683,424,642,666,694,161,281,145,477,321,874,6,936,5,195,2,533,707,233,478,697,749,520,86,530,924,88,3,636,0,27,23,960,0,6,695,617,667,258,140,25,652,16,570
"CALR",4,507,996,7,100,2,814,733,969,61,10,32,0,145,113,270,1,2,589,35,710,645,0,581,486,111,183,457,762,6,272,46,659,11,550,114,255,364,93,739,340,0,824,27,0,229,368,216,112,536,986,1,910,20,961,148,842,1
"HYOU1",0,93,10,24,40,161,603,509,437,46,48,893,0,830,67,363,5,23,621,0,223,953,317,351,20,177,288,344,646,532,52,683,268,59,8,140,10,953,195,389,394,0,23,23,229,0,67,159,276,919,815,93,80,397,488,633,300,0
"GSK3A",27,691,3,25,636,929,0,2,821,4,1,256,0,171,0,671,143,787,487,308,861,0,100,56,292,747,8,122,55,739,802,173,534,276,209,185,70,894,5,9,46,9,65,960,368,67,0,633,46,940,800,53,98,913,167,791,622,561
"ASNS",2,389,6,3,106,517,0,314,0,60,894,640,0,9,280,788,796,243,715,0,488,428,6,225,18,193,19,512,0,26,261,195,17,118,0,213,380,34,18,39,118,0,7,0,216,159,633,0,716,137,1,194,1,955,406,432,21,3
"PREB",48,325,1,3,355,446,0,328,338,776,4,799,25,634,107,953,904,435,176,43,673,863,12,172,637,115,4,5,878,505,762,634,272,73,140,453,33,797,3,4,28,0,85,6,112,276,46,716,0,673,6,124,3,802,298,316,71,213
"SSR1",32,637,283,460,0,763,729,463,9,605,1,16,0,241,671,0,0,393,52,1,286,393,14,639,532,0,4,1,42,0,113,208,0,0,186,1,10,199,60,403,347,1,962,695,536,919,940,137,673,0,52,688,29,7,186,47,58,16
"CXXC1",298,206,0,0,512,535,59,42,0,391,77,704,99,90,18,51,724,923,407,478,520,6,2,171,355,986,0,135,7,884,343,333,0,790,0,460,836,608,0,0,21,136,365,617,986,815,800,1,6,52,0,29,72,776,1,756,77,715
"MYDGF",27,19,586,0,670,19,571,121,200,277,96,998,45,374,29,705,105,90,806,429,378,256,73,173,593,360,49,741,416,799,939,336,654,433,964,412,262,748,1,165,199,26,896,667,1,93,53,194,124,688,29,0,469,277,1,827,786,22
"PPP2R5B",263,807,110,212,472,304,4,702,286,224,274,898,623,552,819,772,803,88,434,735,573,293,59,0,186,111,127,19,398,398,52,285,548,279,951,21,526,54,955,576,6,229,80,258,910,80,98,1,3,29,72,469,0,67,94,468,49,733
"GOSR2",935,0,437,95,0,427,31,615,560,0,109,140,871,903,767,616,154,371,297,370,328,590,965,394,0,0,73,2,627,99,0,0,336,416,712,28,132,916,66,658,3,72,0,140,20,397,913,955,802,7,776,277,67,0,474,404,15,479
"ATF4",600,463,0,11,771,632,10,601,24,705,655,41,78,195,851,556,784,450,977,176,484,842,65,110,87,566,38,800,3,558,226,836,67,65,68,570,570,123,3,0,78,3,193,25,961,488,167,406,298,186,1,1,94,474,0,498,732,238
"GFPT1",457,37,629,225,13,782,906,173,240,131,20,363,0,261,348,124,124,967,591,8,858,76,283,565,230,386,0,648,75,136,132,346,0,362,155,45,294,836,163,175,536,24,843,652,148,633,791,432,316,47,756,827,468,404,498,0,617,39
"PDIA6",139,474,576,400,0,13,994,211,17,179,5,55,0,0,40,0,0,4,5,0,514,297,1,76,114,0,250,31,973,0,844,199,7,0,760,1,0,615,691,111,16,0,86,16,842,300,622,21,71,58,77,786,49,15,732,617,0,1
"ATF3",519,95,800,10,319,98,402,897,56,644,135,961,945,409,197,0,16,449,782,142,0,841,160,0,225,166,317,509,84,368,171,258,60,497,787,319,474,248,271,860,901,85,43,570,1,0,561,3,213,16,715,22,733,479,238,39,1,0
