"","CCL2","FKBP14","ACADVL","ADD1","EDEM1","HSP90B1","CUL7","WIPI1","PLA2G4B","TLN1","KLHDC3","SEC31A","XBP1","HERPUD1","DCTN1","SRPRB","HSPA5","DDX11","TATDN2","SYVN1","DNAJB11","EXTL1","ATP6V0D1","HDGF","EXTL2","CTDSP2","DDIT3","SHC1","TSPYL2","TPP1","PDIA5","EXTL3","ARFGAP1","DNAJB9","SULT1A3","DNAJC3","SERP1","IGFBP1","YIF1A","ZBTB17","LMNA","WFS1","KDELR3","CXCL8","CALR","HYOU1","GSK3A","ASNS","PREB","SSR1","CXXC1","MYDGF","PPP2R5B","GOSR2","ATF4","GFPT1","PDIA6","ATF3"
"CCL2",0,246,1,87,661,92,116,37,52,897,230,4,30,245,174,956,695,105,488,39,503,15,658,226,386,954,638,237,269,872,559,227,157,575,12,108,507,361,916,861,780,679,9,549,172,395,110,956,528,846,911,975,772,515,139,2,111,254
"FKBP14",246,0,951,616,920,141,124,567,464,733,45,963,882,691,368,172,161,536,1,828,167,543,175,827,47,446,542,122,572,629,67,76,824,405,466,587,573,173,404,78,430,70,705,688,246,371,54,470,110,828,119,32,117,73,537,861,49,979
"ACADVL",1,951,0,430,896,869,318,787,622,247,111,652,947,296,30,869,898,231,580,709,731,235,833,618,102,937,742,427,794,792,66,445,21,715,664,179,743,190,42,902,660,164,39,331,802,766,142,165,957,551,519,434,818,143,500,503,782,658
"ADD1",87,616,430,0,717,762,684,406,571,751,711,809,929,565,439,222,293,203,738,208,25,828,492,408,367,505,755,724,401,37,964,797,254,57,881,463,332,110,51,727,324,932,554,28,246,644,269,168,30,55,182,696,775,936,182,862,750,337
"EDEM1",661,920,896,717,0,368,456,787,767,179,721,882,704,331,54,371,850,579,615,218,856,386,208,714,853,894,302,339,493,450,188,660,785,385,672,907,442,311,863,18,165,881,780,985,592,696,645,757,540,381,223,86,253,22,513,958,251,436
"HSP90B1",92,141,869,762,368,0,513,114,692,835,595,830,263,383,227,789,194,622,15,358,630,594,24,929,716,882,870,989,523,189,561,98,255,934,768,624,448,706,32,445,949,14,731,191,697,345,464,350,978,864,615,119,77,986,302,994,921,657
"CUL7",116,124,318,684,456,513,0,922,510,162,150,176,832,438,412,939,765,279,46,363,460,23,311,208,64,547,478,188,53,259,250,133,419,115,319,311,173,90,172,503,120,58,117,269,80,382,232,119,945,531,329,147,18,69,706,74,589,943
"WIPI1",37,567,787,406,787,114,922,0,210,337,570,959,911,888,444,328,158,685,693,689,363,945,33,369,663,947,651,49,185,745,896,914,536,735,170,602,512,711,433,580,914,776,940,212,898,551,184,329,289,406,513,82,483,175,45,641,797,832
"PLA2G4B",52,464,622,571,767,692,510,210,0,458,845,890,544,339,600,125,235,537,564,127,556,946,402,567,233,941,587,325,484,424,722,609,320,541,566,889,763,111,13,901,387,350,672,581,167,154,531,29,772,182,962,710,438,143,89,302,190,891
"TLN1",897,733,247,751,179,835,162,337,458,0,428,721,653,973,223,439,631,434,15,527,679,121,198,633,584,323,944,744,590,635,205,475,400,312,23,626,131,377,11,85,506,16,910,309,881,349,745,110,37,43,156,74,79,0,54,863,71,828
"KLHDC3",230,45,111,711,721,595,150,570,845,428,0,157,682,893,254,807,222,824,687,555,774,559,567,914,319,644,347,768,966,246,345,616,288,547,384,192,746,34,17,362,766,374,38,224,941,221,955,618,704,483,973,58,7,788,919,242,890,485
"SEC31A",4,963,652,809,882,830,176,959,890,721,157,0,742,651,888,401,994,174,624,188,598,280,475,330,66,817,994,78,869,860,50,743,251,399,941,337,484,924,461,456,124,619,51,718,705,494,34,828,801,658,950,136,322,324,222,26,268,712
"XBP1",30,882,947,929,704,263,832,911,544,653,682,742,0,80,837,408,193,888,863,838,653,451,550,268,812,606,864,104,881,280,975,697,763,641,698,719,81,711,765,81,695,723,250,745,232,331,569,999,475,377,579,564,915,374,25,790,837,990
"HERPUD1",245,691,296,565,331,383,438,888,339,973,893,651,80,0,190,495,747,197,451,644,674,768,619,522,790,690,548,747,827,120,270,529,559,5,1,812,874,93,558,763,596,220,500,878,171,726,416,809,852,700,167,328,670,751,431,361,585,481
"DCTN1",174,368,30,439,54,227,412,444,600,223,254,888,837,190,0,12,159,203,848,460,10,773,107,282,432,815,327,592,93,273,84,493,395,116,21,798,603,898,36,55,907,347,908,67,273,238,427,47,83,5,178,424,202,122,703,963,37,461
"SRPRB",956,172,869,222,371,789,939,328,125,439,807,401,408,495,12,0,23,662,592,430,932,933,476,394,927,780,636,124,792,631,547,33,495,55,669,452,87,154,541,7,417,668,321,345,729,166,889,106,464,14,172,971,107,578,251,249,883,477
"HSPA5",695,161,898,293,850,194,765,158,235,631,222,994,193,747,159,23,0,388,88,734,708,49,100,470,888,397,982,903,948,196,240,62,817,127,419,682,660,585,170,901,978,13,837,380,866,839,562,781,192,614,267,52,58,369,549,841,977,837
"DDX11",105,536,231,203,579,622,279,685,537,434,824,174,888,197,203,662,388,0,149,379,383,875,63,280,121,476,115,838,445,220,521,483,12,777,413,250,966,117,35,429,186,532,21,554,694,810,143,263,81,470,933,395,25,52,376,245,204,546
"TATDN2",488,1,580,738,615,15,46,693,564,15,687,624,863,451,848,592,88,149,0,15,125,64,42,756,12,103,212,631,234,339,38,59,34,554,641,55,305,942,26,27,927,57,31,909,130,125,429,568,153,9,5,64,15,1,916,504,6,276
"SYVN1",39,828,709,208,218,358,363,689,127,527,555,188,838,644,460,430,734,379,15,0,872,464,963,798,198,465,684,130,673,602,59,367,795,299,108,411,852,276,952,391,230,600,970,198,652,965,102,912,732,402,173,399,902,919,765,772,634,559
"DNAJB11",503,167,731,25,856,630,460,363,556,679,774,598,653,674,10,932,708,383,125,872,0,713,206,778,747,818,805,969,564,648,574,218,834,273,283,701,111,274,938,857,455,686,264,544,614,867,955,975,164,996,660,793,31,191,548,430,182,177
"EXTL1",15,543,235,828,386,594,23,945,946,121,559,280,451,768,773,933,49,875,64,464,713,0,925,311,37,486,662,961,171,304,942,194,443,139,744,176,759,411,9,595,395,383,17,42,243,316,328,710,202,209,786,80,297,412,568,104,353,894
"ATP6V0D1",658,175,833,492,208,24,311,33,402,198,567,475,550,619,107,476,100,63,42,963,206,925,0,598,281,358,26,318,843,728,14,693,445,125,306,43,226,490,264,400,444,427,69,957,847,71,82,346,148,321,390,56,199,7,44,127,0,8
"HDGF",226,827,618,408,714,929,208,369,567,633,914,330,268,522,282,394,470,280,756,798,778,311,598,0,261,364,414,566,764,773,919,192,703,927,915,534,428,795,916,55,663,304,839,170,767,684,892,412,452,921,599,835,14,842,751,701,457,12
"EXTL2",386,47,102,367,853,716,64,663,233,584,319,66,812,790,432,927,888,121,12,198,747,37,281,261,0,115,249,240,10,410,393,281,15,444,832,242,961,541,3,860,244,10,15,117,917,853,402,883,353,418,158,647,2,232,53,481,706,525
"CTDSP2",954,446,937,505,894,882,547,947,941,323,644,817,606,690,815,780,397,476,103,465,818,486,358,364,115,0,827,373,923,397,254,632,526,397,405,37,385,651,978,346,337,876,542,895,483,332,288,921,732,428,552,9,447,290,954,582,113,693
"DDIT3",638,542,742,755,302,870,478,651,587,944,347,994,864,548,327,636,982,115,212,684,805,662,26,414,249,827,0,378,538,322,120,81,16,837,722,278,719,342,702,427,168,242,910,530,777,530,536,677,119,614,500,477,662,796,507,488,169,370
"SHC1",237,122,427,724,339,989,188,49,325,744,768,78,104,747,592,124,903,838,631,130,969,961,318,566,240,373,378,0,625,587,132,817,272,508,341,523,306,412,668,10,91,391,323,455,795,839,168,566,851,953,468,218,662,299,976,100,556,567
"TSPYL2",269,572,794,401,493,523,53,185,484,590,966,869,881,827,93,792,948,445,234,673,564,171,843,764,10,923,538,625,0,447,20,434,272,918,246,829,819,294,270,892,787,5,324,631,319,102,321,20,347,441,764,407,208,323,562,602,261,228
"TPP1",872,629,792,37,450,189,259,745,424,635,246,860,280,120,273,631,196,220,339,602,648,304,728,773,410,397,322,587,447,0,366,569,381,25,654,761,791,472,625,582,140,221,486,618,210,687,158,381,69,723,672,412,478,823,720,479,663,685
"PDIA5",559,67,66,964,188,561,250,896,722,205,345,50,975,270,84,547,240,521,38,59,574,942,14,919,393,254,120,132,20,366,0,13,372,59,974,170,706,273,802,396,846,309,538,894,884,229,254,975,749,295,194,450,0,936,600,414,840,735
"EXTL3",227,76,445,797,660,98,133,914,609,475,616,743,697,529,493,33,62,483,59,367,218,194,693,192,281,632,81,817,434,569,13,0,414,61,160,189,598,324,111,91,370,190,128,991,433,8,157,920,42,453,756,21,26,6,358,297,46,450
"ARFGAP1",157,824,21,254,785,255,419,536,320,400,288,251,763,559,395,495,817,12,34,795,834,443,445,703,15,526,16,272,272,381,372,414,0,347,960,898,87,626,132,176,839,346,135,339,241,196,214,23,486,658,21,537,180,772,251,380,237,128
"DNAJB9",575,405,715,57,385,934,115,735,541,312,547,399,641,5,116,55,127,777,554,299,273,139,125,927,444,397,837,508,918,25,59,61,347,0,85,225,278,125,743,48,695,660,462,741,372,328,447,867,200,78,721,177,367,67,614,796,96,935
"SULT1A3",12,466,664,881,672,768,319,170,566,23,384,941,698,1,21,669,419,413,641,108,283,744,306,915,832,405,722,341,246,654,974,160,960,85,0,438,621,182,171,11,25,756,18,838,299,165,127,561,573,281,46,377,470,157,786,472,954,594
"DNAJC3",108,587,179,463,907,624,311,602,889,626,192,337,719,812,798,452,682,250,55,411,701,176,43,534,242,37,278,523,829,761,170,189,898,225,438,0,271,817,722,271,205,618,712,953,697,360,476,530,799,688,860,446,334,594,498,388,77,817
"SERP1",507,573,743,332,442,448,173,512,763,131,746,484,81,874,603,87,660,966,305,852,111,759,226,428,961,385,719,306,819,791,706,598,87,278,621,271,0,287,779,278,865,117,411,329,851,160,749,647,888,944,755,584,199,245,120,512,219,153
"IGFBP1",361,173,190,110,311,706,90,711,111,377,34,924,711,93,898,154,585,117,942,276,274,411,490,795,541,651,342,412,294,472,273,324,626,125,182,817,287,0,440,8,829,112,492,407,229,679,19,991,511,473,82,834,139,360,312,567,614,166
"YIF1A",916,404,42,51,863,32,172,433,13,11,17,461,765,558,36,541,170,35,26,952,938,9,264,916,3,978,702,668,270,625,802,111,132,743,171,722,779,440,0,179,814,9,601,197,46,125,32,806,262,546,0,554,629,445,630,328,277,386
"ZBTB17",861,78,902,727,18,445,503,580,901,85,362,456,81,763,55,7,901,429,27,391,857,595,400,55,860,346,427,10,892,582,396,91,176,48,11,271,278,8,179,0,925,421,741,999,215,361,97,817,457,185,932,805,32,60,11,575,653,306
"LMNA",780,430,660,324,165,949,120,914,387,506,766,124,695,596,907,417,978,186,927,230,455,395,444,663,244,337,168,91,787,140,846,370,839,695,25,205,865,829,814,925,0,323,239,593,509,380,428,23,633,427,602,851,856,673,173,979,712,9
"WFS1",679,70,164,932,881,14,58,776,350,16,374,619,723,220,347,668,13,532,57,600,686,383,427,304,10,876,242,391,5,221,309,190,346,660,756,618,117,112,9,421,323,0,86,642,210,31,276,698,938,816,174,5,318,196,726,561,26,904
"KDELR3",9,705,39,554,780,731,117,940,672,910,38,51,250,500,908,321,837,21,31,970,264,17,69,839,15,542,910,323,324,486,538,128,135,462,18,712,411,492,601,741,239,86,0,122,914,606,198,545,457,619,203,676,628,182,512,11,977,725
"CXCL8",549,688,331,28,985,191,269,212,581,309,224,718,745,878,67,345,380,554,909,198,544,42,957,170,117,895,530,455,631,618,894,991,339,741,838,953,329,407,197,999,593,642,122,0,253,146,525,407,464,673,587,582,824,292,667,990,346,44
"CALR",172,246,802,246,592,697,80,898,167,881,941,705,232,171,273,729,866,694,130,652,614,243,847,767,917,483,777,795,319,210,884,433,241,372,299,697,851,229,46,215,509,210,914,253,0,828,245,385,407,472,656,111,41,890,649,811,261,617
"HYOU1",395,371,766,644,696,345,382,551,154,349,221,494,331,726,238,166,839,810,125,965,867,316,71,684,853,332,530,839,102,687,229,8,196,328,165,360,160,679,125,361,380,31,606,146,828,0,13,249,763,853,170,419,30,120,388,533,791,299
"GSK3A",110,54,142,269,645,464,232,184,531,745,955,34,569,416,427,889,562,143,429,102,955,328,82,892,402,288,536,168,321,158,254,157,214,447,127,476,749,19,32,97,428,276,198,525,245,13,0,21,391,189,72,122,0,15,221,465,375,395
"ASNS",956,470,165,168,757,350,119,329,29,110,618,828,999,809,47,106,781,263,568,912,975,710,346,412,883,921,677,566,20,381,975,920,23,867,561,530,647,991,806,817,23,698,545,407,385,249,21,0,42,995,291,891,896,698,599,933,353,34
"PREB",528,110,957,30,540,978,945,289,772,37,704,801,475,852,83,464,192,81,153,732,164,202,148,452,353,732,119,851,347,69,749,42,486,200,573,799,888,511,262,457,633,938,457,464,407,763,391,42,0,244,491,923,41,643,257,836,709,572
"SSR1",846,828,551,55,381,864,531,406,182,43,483,658,377,700,5,14,614,470,9,402,996,209,321,921,418,428,614,953,441,723,295,453,658,78,281,688,944,473,546,185,427,816,619,673,472,853,189,995,244,0,231,45,47,89,458,928,832,529
"CXXC1",911,119,519,182,223,615,329,513,962,156,973,950,579,167,178,172,267,933,5,173,660,786,390,599,158,552,500,468,764,672,194,756,21,721,46,860,755,82,0,932,602,174,203,587,656,170,72,291,491,231,0,67,91,29,25,810,155,228
"MYDGF",975,32,434,696,86,119,147,82,710,74,58,136,564,328,424,971,52,395,64,399,793,80,56,835,647,9,477,218,407,412,450,21,537,177,377,446,584,834,554,805,851,5,676,582,111,419,122,891,923,45,67,0,262,841,409,164,143,487
"PPP2R5B",772,117,818,775,253,77,18,483,438,79,7,322,915,670,202,107,58,25,15,902,31,297,199,14,2,447,662,662,208,478,0,26,180,367,470,334,199,139,629,32,856,318,628,824,41,30,0,896,41,47,91,262,0,56,321,772,3,969
"GOSR2",515,73,143,936,22,986,69,175,143,0,788,324,374,751,122,578,369,52,1,919,191,412,7,842,232,290,796,299,323,823,936,6,772,67,157,594,245,360,445,60,673,196,182,292,890,120,15,698,643,89,29,841,56,0,370,895,232,622
"ATF4",139,537,500,182,513,302,706,45,89,54,919,222,25,431,703,251,549,376,916,765,548,568,44,751,53,954,507,976,562,720,600,358,251,614,786,498,120,312,630,11,173,726,512,667,649,388,221,599,257,458,25,409,321,370,0,157,446,51
"GFPT1",2,861,503,862,958,994,74,641,302,863,242,26,790,361,963,249,841,245,504,772,430,104,127,701,481,582,488,100,602,479,414,297,380,796,472,388,512,567,328,575,979,561,11,990,811,533,465,933,836,928,810,164,772,895,157,0,309,730
"PDIA6",111,49,782,750,251,921,589,797,190,71,890,268,837,585,37,883,977,204,6,634,182,353,0,457,706,113,169,556,261,663,840,46,237,96,954,77,219,614,277,653,712,26,977,346,261,791,375,353,709,832,155,143,3,232,446,309,0,770
"ATF3",254,979,658,337,436,657,943,832,891,828,485,712,990,481,461,477,837,546,276,559,177,894,8,12,525,693,370,567,228,685,735,450,128,935,594,817,153,166,386,306,9,904,725,44,617,299,395,34,572,529,228,487,969,622,51,730,770,0
