"","CCL2","FKBP14","ACADVL","ADD1","EDEM1","HSP90B1","CUL7","WIPI1","PLA2G4B","TLN1","KLHDC3","SEC31A","XBP1","HERPUD1","DCTN1","SRPRB","HSPA5","DDX11","TATDN2","SYVN1","DNAJB11","EXTL1","ATP6V0D1","HDGF","EXTL2","CTDSP2","DDIT3","SHC1","TSPYL2","TPP1","PDIA5","EXTL3","ARFGAP1","DNAJB9","SULT1A3","DNAJC3","SERP1","IGFBP1","YIF1A","ZBTB17","LMNA","WFS1","KDELR3","CXCL8","CALR","HYOU1","GSK3A","ASNS","PREB","SSR1","CXXC1","MYDGF","PPP2R5B","GOSR2","ATF4","GFPT1","PDIA6","ATF3"
"CCL2",0,186,313,451,466,869,113,974,491,809,945,273,843,232,697,327,497,21,765,521,515,978,35,45,57,762,78,642,135,673,644,948,684,235,399,290,680,818,178,374,827,726,160,70,277,873,458,705,90,657,696,613,214,347,166,632,852,131
"FKBP14",186,0,976,237,355,540,734,826,382,784,76,80,164,462,202,335,220,980,987,774,619,366,878,866,334,78,802,348,870,644,277,328,834,441,541,989,26,871,408,129,162,619,711,550,439,985,358,231,74,959,156,500,179,915,416,659,693,32
"ACADVL",313,976,0,289,753,579,764,658,34,412,253,698,207,821,214,114,66,526,395,355,551,181,845,534,654,482,732,526,568,411,94,784,30,29,964,289,121,43,652,40,941,484,989,95,779,95,91,124,872,603,175,523,567,913,594,442,437,298
"ADD1",451,237,289,0,107,979,825,464,507,127,775,594,770,988,628,722,110,644,57,154,757,469,632,441,228,868,329,980,762,454,590,595,82,596,264,960,451,702,898,919,626,753,528,744,710,673,790,3,52,835,617,993,422,497,607,723,337,371
"EDEM1",466,355,753,107,0,376,727,787,25,920,11,252,156,839,34,245,402,134,199,915,474,238,794,817,910,695,275,802,610,875,219,28,61,121,540,777,395,29,842,1,828,549,795,102,470,655,988,41,727,620,65,416,39,685,895,871,494,725
"HSP90B1",869,540,579,979,376,0,577,309,834,632,678,696,263,884,166,642,375,69,654,376,624,237,618,657,989,942,970,606,88,310,411,393,473,326,447,376,117,686,536,957,856,592,763,674,71,160,665,863,676,683,260,95,636,821,326,320,437,513
"CUL7",113,734,764,825,727,577,0,446,516,282,659,755,346,895,864,953,553,587,119,936,177,637,994,674,873,757,910,582,36,734,464,474,615,562,926,662,858,147,21,132,604,134,496,467,154,152,3,331,614,649,733,43,367,789,866,273,803,140
"WIPI1",974,826,658,464,787,309,446,0,892,274,184,478,224,710,50,634,583,892,325,118,994,973,250,641,803,118,526,541,371,242,69,315,383,177,159,730,880,596,272,380,923,660,700,285,775,358,448,3,568,35,813,541,986,95,460,657,606,705
"PLA2G4B",491,382,34,507,25,834,516,892,0,594,295,935,966,75,892,71,412,685,489,89,628,63,961,76,333,400,664,360,163,154,527,784,228,386,508,464,569,363,303,833,954,233,176,895,963,573,952,591,909,216,301,322,358,712,122,150,693,476
"TLN1",809,784,412,127,920,632,282,274,594,0,22,294,197,469,1,780,888,211,591,108,559,650,439,546,464,705,870,983,713,672,498,15,6,181,823,319,710,0,311,33,269,294,195,20,422,459,814,266,525,27,131,529,860,344,764,944,123,907
"KLHDC3",945,76,253,775,11,678,659,184,295,22,0,194,902,421,234,110,23,617,417,177,983,124,451,908,469,211,803,442,676,325,367,865,393,102,735,460,271,24,433,45,248,375,872,42,373,128,479,23,599,248,466,122,423,462,808,123,159,791
"SEC31A",273,80,698,594,252,696,755,478,935,294,194,0,924,185,480,541,755,374,996,736,322,163,831,63,64,441,533,129,255,52,156,347,568,638,695,838,390,860,65,975,386,379,132,856,370,816,647,506,842,260,707,560,841,39,685,803,294,921
"XBP1",843,164,207,770,156,263,346,224,966,197,902,924,0,801,11,462,347,293,76,917,736,242,500,301,891,916,655,855,439,321,282,225,13,715,447,993,249,140,532,647,453,331,63,444,765,590,473,154,13,351,716,713,647,230,412,567,18,381
"HERPUD1",232,462,821,988,839,884,895,710,75,469,421,185,801,0,813,485,994,357,658,366,101,47,904,564,425,544,329,361,876,827,839,877,866,23,295,543,545,39,553,205,94,446,488,0,809,820,757,34,844,915,948,188,552,861,188,541,963,122
"DCTN1",697,202,214,628,34,166,864,50,892,1,234,480,11,813,0,154,99,836,339,932,957,200,469,781,794,561,649,984,560,680,100,880,113,497,852,679,531,807,918,148,331,265,760,403,535,419,967,9,764,319,403,178,992,608,636,558,152,725
"SRPRB",327,335,114,722,245,642,953,634,71,780,110,541,462,485,154,0,759,238,769,934,64,57,800,536,745,810,668,431,955,482,936,22,943,985,945,57,553,434,376,21,966,128,929,349,363,567,823,16,889,354,726,669,533,319,406,174,243,313
"HSPA5",497,220,66,110,402,375,553,583,412,888,23,755,347,994,99,759,0,595,392,625,29,93,525,862,859,663,62,417,677,488,744,21,697,867,645,262,799,479,60,148,911,110,865,177,92,391,839,15,517,72,651,995,529,388,343,72,342,774
"DDX11",21,980,526,644,134,69,587,892,685,211,617,374,293,357,836,238,595,0,883,120,531,342,791,483,268,190,422,129,747,63,481,833,201,808,597,339,896,710,504,760,580,392,943,363,391,744,377,636,207,491,634,503,683,736,204,410,859,35
"TATDN2",765,987,395,57,199,654,119,325,489,591,417,996,76,658,339,769,392,883,0,788,733,587,985,108,594,599,657,348,343,769,759,572,160,153,957,87,348,109,364,194,980,711,642,352,161,810,362,286,283,439,184,679,316,323,916,179,491,604
"SYVN1",521,774,355,154,915,376,936,118,89,108,177,736,917,366,932,934,625,120,788,0,813,340,172,510,151,473,520,805,236,310,948,740,804,100,759,617,829,50,745,57,406,878,276,21,780,537,893,285,665,507,512,243,801,339,512,977,722,880
"DNAJB11",515,619,551,757,474,624,177,994,628,559,983,322,736,101,957,64,29,531,733,813,0,897,303,942,889,213,101,145,640,657,669,70,285,165,839,61,137,615,942,856,832,2,204,695,570,510,736,40,354,9,94,142,603,129,307,2,92,753
"EXTL1",978,366,181,469,238,237,637,973,63,650,124,163,242,47,200,57,93,342,587,340,897,0,563,961,545,361,199,132,494,614,448,495,101,33,339,51,153,105,459,378,536,62,258,8,300,362,702,367,782,267,28,520,345,415,770,0,321,498
"ATP6V0D1",35,878,845,632,794,618,994,250,961,439,451,831,500,904,469,800,525,791,985,172,303,563,0,95,206,808,772,341,661,301,507,708,739,493,448,894,394,453,202,258,111,169,437,1,983,825,397,24,306,368,510,181,504,784,114,640,929,85
"HDGF",45,866,534,441,817,657,674,641,76,546,908,63,301,564,781,536,862,483,108,510,942,961,95,0,935,574,921,727,18,541,305,912,53,894,766,599,967,677,696,417,21,824,161,138,363,538,304,849,174,428,786,33,572,497,737,761,822,101
"EXTL2",57,334,654,228,910,989,873,803,333,464,469,64,891,425,794,745,859,268,594,151,889,545,206,935,0,553,709,496,454,884,849,898,757,619,315,842,775,972,986,939,29,675,460,27,190,978,753,552,56,957,975,52,852,481,7,936,991,132
"CTDSP2",762,78,482,868,695,942,757,118,400,705,211,441,916,544,561,810,663,190,599,473,213,361,808,574,553,0,573,968,175,331,539,808,522,519,160,644,553,601,171,444,660,890,694,592,200,590,286,845,349,638,427,464,384,615,578,454,694,226
"DDIT3",78,802,732,329,275,970,910,526,664,870,803,533,655,329,649,668,62,422,657,520,101,199,772,921,709,573,0,199,156,301,888,653,558,446,653,475,48,829,18,866,149,307,505,393,602,193,867,306,301,463,326,825,281,589,100,420,503,345
"SHC1",642,348,526,980,802,606,582,541,360,983,442,129,855,361,984,431,417,129,348,805,145,132,341,727,496,968,199,0,165,272,182,41,603,499,272,751,120,620,410,468,867,744,500,698,121,482,236,939,536,322,916,695,516,825,665,885,367,98
"TSPYL2",135,870,568,762,610,88,36,371,163,713,676,255,439,876,560,955,677,747,343,236,640,494,661,18,454,175,156,165,0,502,511,51,119,226,364,217,810,552,645,349,13,739,63,82,992,522,170,422,342,179,900,141,559,149,69,444,64,424
"TPP1",673,644,411,454,875,310,734,242,154,672,325,52,321,827,680,482,488,63,769,310,657,614,301,541,884,331,301,272,502,0,955,205,260,34,190,163,713,355,869,85,209,741,988,250,899,743,378,506,295,741,275,810,824,317,714,302,936,97
"PDIA5",644,277,94,590,219,411,464,69,527,498,367,156,282,839,100,936,744,481,759,948,669,448,507,305,849,539,888,182,511,955,0,92,421,415,566,41,930,768,487,306,784,989,638,662,736,733,454,288,398,224,537,904,875,517,619,183,481,159
"EXTL3",948,328,784,595,28,393,474,315,784,15,865,347,225,877,880,22,21,833,572,740,70,495,708,912,898,808,653,41,51,205,92,0,251,544,136,72,39,772,35,978,589,854,632,985,3,60,285,720,49,150,362,185,655,25,21,52,151,651
"ARFGAP1",684,834,30,82,61,473,615,383,228,6,393,568,13,866,113,943,697,201,160,804,285,101,739,53,757,522,558,603,119,260,421,251,0,398,986,320,444,990,954,320,456,905,835,321,964,699,876,281,156,655,931,555,887,673,558,511,400,572
"DNAJB9",235,441,29,596,121,326,562,177,386,181,102,638,715,23,497,985,867,808,153,100,165,33,493,894,619,519,446,499,226,34,415,544,398,0,867,467,247,322,286,643,201,643,247,58,106,403,857,24,951,852,479,472,162,577,276,959,946,415
"SULT1A3",399,541,964,264,540,447,926,159,508,823,735,695,447,295,852,945,645,597,957,759,839,339,448,766,315,160,653,272,364,190,566,136,986,867,0,946,991,719,443,879,623,778,167,592,838,453,840,360,886,469,903,970,134,166,240,653,997,580
"DNAJC3",290,989,289,960,777,376,662,730,464,319,460,838,993,543,679,57,262,339,87,617,61,51,894,599,842,644,475,751,217,163,41,72,320,467,946,0,2,74,283,514,424,680,846,118,20,181,866,558,774,984,600,812,492,924,578,727,102,483
"SERP1",680,26,121,451,395,117,858,880,569,710,271,390,249,545,531,553,799,896,348,829,137,153,394,967,775,553,48,120,810,713,930,39,444,247,991,2,0,986,188,405,769,427,827,718,48,228,255,178,800,129,861,666,291,222,442,43,878,436
"IGFBP1",818,871,43,702,29,686,147,596,363,0,24,860,140,39,807,434,479,710,109,50,615,105,453,677,972,601,829,620,552,355,768,772,990,322,719,74,986,0,241,731,950,555,862,23,639,964,367,388,453,686,180,947,501,617,165,363,896,937
"YIF1A",178,408,652,898,842,536,21,272,303,311,433,65,532,553,918,376,60,504,364,745,942,459,202,696,986,171,18,410,645,869,487,35,954,286,443,283,188,241,0,638,222,17,254,578,860,249,548,864,33,9,431,838,629,185,467,23,109,962
"ZBTB17",374,129,40,919,1,957,132,380,833,33,45,975,647,205,148,21,148,760,194,57,856,378,258,417,939,444,866,468,349,85,306,978,320,643,879,514,405,731,638,0,978,189,501,784,945,878,334,103,534,409,94,786,109,467,129,236,516,799
"LMNA",827,162,941,626,828,856,604,923,954,269,248,386,453,94,331,966,911,580,980,406,832,536,111,21,29,660,149,867,13,209,784,589,456,201,623,424,769,950,222,978,0,569,153,731,869,742,975,126,715,133,701,357,139,136,811,827,655,556
"WFS1",726,619,484,753,549,592,134,660,233,294,375,379,331,446,265,128,110,392,711,878,2,62,169,824,675,890,307,744,739,741,989,854,905,643,778,680,427,555,17,189,569,0,465,428,113,826,925,228,555,951,725,844,379,551,17,819,547,627
"KDELR3",160,711,989,528,795,763,496,700,176,195,872,132,63,488,760,929,865,943,642,276,204,258,437,161,460,694,505,500,63,988,638,632,835,247,167,846,827,862,254,501,153,465,0,441,354,988,769,297,21,213,921,186,487,952,933,278,988,123
"CXCL8",70,550,95,744,102,674,467,285,895,20,42,856,444,0,403,349,177,363,352,21,695,8,1,138,27,592,393,698,82,250,662,985,321,58,592,118,718,23,578,784,731,428,441,0,769,464,843,444,64,563,373,959,117,579,32,332,934,426
"CALR",277,439,779,710,470,71,154,775,963,422,373,370,765,809,535,363,92,391,161,780,570,300,983,363,190,200,602,121,992,899,736,3,964,106,838,20,48,639,860,945,869,113,354,769,0,150,712,410,267,1,176,240,593,56,804,1,62,559
"HYOU1",873,985,95,673,655,160,152,358,573,459,128,816,590,820,419,567,391,744,810,537,510,362,825,538,978,590,193,482,522,743,733,60,699,403,453,181,228,964,249,878,742,826,988,464,150,0,986,173,945,132,425,572,519,251,108,76,133,888
"GSK3A",458,358,91,790,988,665,3,448,952,814,479,647,473,757,967,823,839,377,362,893,736,702,397,304,753,286,867,236,170,378,454,285,876,857,840,866,255,367,548,334,975,925,769,843,712,986,0,699,740,152,865,716,200,216,766,380,697,391
"ASNS",705,231,124,3,41,863,331,3,591,266,23,506,154,34,9,16,15,636,286,285,40,367,24,849,552,845,306,939,422,506,288,720,281,24,360,558,178,388,864,103,126,228,297,444,410,173,699,0,965,847,130,192,465,533,931,981,215,33
"PREB",90,74,872,52,727,676,614,568,909,525,599,842,13,844,764,889,517,207,283,665,354,782,306,174,56,349,301,536,342,295,398,49,156,951,886,774,800,453,33,534,715,555,21,64,267,945,740,965,0,914,832,607,976,549,6,769,42,486
"SSR1",657,959,603,835,620,683,649,35,216,27,248,260,351,915,319,354,72,491,439,507,9,267,368,428,957,638,463,322,179,741,224,150,655,852,469,984,129,686,9,409,133,951,213,563,1,132,152,847,914,0,426,39,929,308,600,174,52,157
"CXXC1",696,156,175,617,65,260,733,813,301,131,466,707,716,948,403,726,651,634,184,512,94,28,510,786,975,427,326,916,900,275,537,362,931,479,903,600,861,180,431,94,701,725,921,373,176,425,865,130,832,426,0,980,980,831,629,443,641,440
"MYDGF",613,500,523,993,416,95,43,541,322,529,122,560,713,188,178,669,995,503,679,243,142,520,181,33,52,464,825,695,141,810,904,185,555,472,970,812,666,947,838,786,357,844,186,959,240,572,716,192,607,39,980,0,751,158,887,274,312,96
"PPP2R5B",214,179,567,422,39,636,367,986,358,860,423,841,647,552,992,533,529,683,316,801,603,345,504,572,852,384,281,516,559,824,875,655,887,162,134,492,291,501,629,109,139,379,487,117,593,519,200,465,976,929,980,751,0,862,164,654,814,127
"GOSR2",347,915,913,497,685,821,789,95,712,344,462,39,230,861,608,319,388,736,323,339,129,415,784,497,481,615,589,825,149,317,517,25,673,577,166,924,222,617,185,467,136,551,952,579,56,251,216,533,549,308,831,158,862,0,831,809,313,85
"ATF4",166,416,594,607,895,326,866,460,122,764,808,685,412,188,636,406,343,204,916,512,307,770,114,737,7,578,100,665,69,714,619,21,558,276,240,578,442,165,467,129,811,17,933,32,804,108,766,931,6,600,629,887,164,831,0,572,134,594
"GFPT1",632,659,442,723,871,320,273,657,150,944,123,803,567,541,558,174,72,410,179,977,2,0,640,761,936,454,420,885,444,302,183,52,511,959,653,727,43,363,23,236,827,819,278,332,1,76,380,981,769,174,443,274,654,809,572,0,226,215
"PDIA6",852,693,437,337,494,437,803,606,693,123,159,294,18,963,152,243,342,859,491,722,92,321,929,822,991,694,503,367,64,936,481,151,400,946,997,102,878,896,109,516,655,547,988,934,62,133,697,215,42,52,641,312,814,313,134,226,0,409
"ATF3",131,32,298,371,725,513,140,705,476,907,791,921,381,122,725,313,774,35,604,880,753,498,85,101,132,226,345,98,424,97,159,651,572,415,580,483,436,937,962,799,556,627,123,426,559,888,391,33,486,157,440,96,127,85,594,215,409,0
