"","CCL2","FKBP14","ACADVL","ADD1","EDEM1","HSP90B1","CUL7","WIPI1","PLA2G4B","TLN1","KLHDC3","SEC31A","XBP1","HERPUD1","DCTN1","SRPRB","HSPA5","DDX11","TATDN2","SYVN1","DNAJB11","EXTL1","ATP6V0D1","HDGF","EXTL2","CTDSP2","DDIT3","SHC1","TSPYL2","TPP1","PDIA5","EXTL3","ARFGAP1","DNAJB9","SULT1A3","DNAJC3","SERP1","IGFBP1","YIF1A","ZBTB17","LMNA","WFS1","KDELR3","CXCL8","CALR","HYOU1","GSK3A","ASNS","PREB","SSR1","CXXC1","MYDGF","PPP2R5B","GOSR2","ATF4","GFPT1","PDIA6","ATF3"
"CCL2",0,8,393,149,12,54,403,690,979,176,100,58,316,137,169,472,377,1,11,246,154,32,81,110,24,702,381,126,14,780,678,1,886,442,549,551,116,748,175,10,321,412,609,120,602,266,239,758,642,70,45,945,592,84,489,415,986,986
"FKBP14",8,0,274,167,623,476,113,242,6,299,352,228,933,133,619,847,103,710,938,999,237,257,843,214,338,474,83,881,775,737,111,313,354,376,119,875,594,248,285,976,648,583,742,152,355,692,337,546,969,974,754,273,979,853,134,125,150,273
"ACADVL",393,274,0,720,529,200,272,115,648,720,139,723,49,221,174,8,620,108,514,36,295,113,62,606,359,522,463,951,708,157,36,84,37,657,825,201,474,284,187,28,186,264,118,447,400,40,729,657,312,86,181,150,43,183,347,811,44,438
"ADD1",149,167,720,0,889,674,664,781,569,504,256,961,959,785,405,387,942,555,528,728,107,932,652,630,955,633,934,372,3,392,430,472,88,445,14,780,27,216,414,696,429,246,742,189,580,747,831,848,126,207,908,814,582,238,710,441,199,360
"EDEM1",12,623,529,889,0,910,0,551,433,898,171,865,821,220,1000,817,612,340,26,668,264,249,528,147,235,71,98,603,892,340,612,317,125,62,339,95,835,318,557,135,952,381,441,62,675,986,784,8,823,919,605,8,529,559,444,665,232,593
"HSP90B1",54,476,200,674,910,0,25,4,927,960,233,153,735,550,156,243,67,910,299,694,74,901,996,678,538,111,438,640,975,991,19,876,89,75,284,337,117,692,867,384,440,454,570,121,273,221,326,836,150,135,782,32,73,495,683,82,55,11
"CUL7",403,113,272,664,0,25,0,368,432,333,235,47,387,413,990,323,96,363,492,483,116,730,313,400,403,813,125,516,512,93,178,703,476,1000,531,279,512,24,764,998,856,130,242,104,417,297,871,598,767,4,386,571,378,34,700,44,49,15
"WIPI1",690,242,115,781,551,4,368,0,107,255,197,692,766,701,386,270,17,565,75,55,463,870,636,133,641,517,841,805,153,67,118,762,55,13,746,608,438,263,12,55,374,90,102,451,0,8,82,240,74,22,575,2,63,65,555,791,8,74
"PLA2G4B",979,6,648,569,433,927,432,107,0,774,351,85,272,323,930,992,705,17,939,111,231,635,301,253,94,520,451,948,56,486,442,651,426,147,2,922,14,286,571,84,6,206,717,875,862,984,748,608,544,619,502,292,351,207,705,862,525,176
"TLN1",176,299,720,504,898,960,333,255,774,0,89,899,418,862,617,602,583,398,674,354,472,102,610,879,708,165,887,922,118,414,619,242,222,591,243,821,288,259,938,156,620,524,889,223,199,990,593,387,430,529,600,932,450,127,650,335,851,673
"KLHDC3",100,352,139,256,171,233,235,197,351,89,0,83,86,559,698,259,52,631,30,944,105,288,377,327,839,193,731,615,566,80,754,10,284,990,39,761,422,955,566,527,101,82,75,55,964,235,37,384,161,260,0,57,329,602,28,601,776,973
"SEC31A",58,228,723,961,865,153,47,692,85,899,83,0,851,897,566,152,21,201,33,613,651,774,354,43,436,756,199,530,562,617,246,81,114,130,322,872,371,261,569,459,115,912,664,313,787,357,324,43,65,119,207,702,990,405,266,672,25,619
"XBP1",316,933,49,959,821,735,387,766,272,418,86,851,0,671,739,220,40,814,482,441,861,957,425,371,777,654,406,597,768,47,714,812,1000,981,14,251,206,297,720,641,187,430,117,947,817,285,93,767,70,946,4,97,872,830,800,523,237,802
"HERPUD1",137,133,221,785,220,550,413,701,323,862,559,897,671,0,674,379,310,44,662,503,265,597,33,933,697,730,132,826,271,973,928,446,857,307,813,203,444,142,165,490,949,985,260,692,899,549,697,133,121,316,178,799,646,216,247,217,944,250
"DCTN1",169,619,174,405,1000,156,990,386,930,617,698,566,739,674,0,51,104,153,161,818,70,561,748,282,408,643,623,947,802,922,80,560,640,160,210,905,49,645,360,155,129,737,428,422,162,396,947,200,10,308,24,611,504,659,431,300,19,851
"SRPRB",472,847,8,387,817,243,323,270,992,602,259,152,220,379,51,0,43,415,621,633,863,240,972,965,847,113,138,427,901,86,910,259,982,660,18,195,754,497,882,880,186,425,674,771,448,149,955,9,470,254,167,366,676,501,242,888,82,793
"HSPA5",377,103,620,942,612,67,96,17,705,583,52,21,40,310,104,43,0,180,882,919,22,673,153,919,44,343,507,236,25,502,7,772,60,128,0,401,0,540,101,696,202,800,289,736,37,0,592,112,133,143,623,0,738,318,759,702,0,78
"DDX11",1,710,108,555,340,910,363,565,17,398,631,201,814,44,153,415,180,0,587,914,874,678,158,189,280,600,348,678,946,187,437,974,104,204,625,853,215,127,690,948,605,384,353,162,280,927,98,132,241,803,995,416,541,585,531,250,508,206
"TATDN2",11,938,514,528,26,299,492,75,939,674,30,33,482,662,161,621,882,587,0,745,829,108,740,913,490,938,354,821,753,39,234,781,684,447,207,716,881,502,860,835,116,168,865,731,857,882,154,499,714,342,474,83,154,758,361,123,242,245
"SYVN1",246,999,36,728,668,694,483,55,111,354,944,613,441,503,818,633,919,914,745,0,335,138,300,358,314,836,124,903,345,1,773,254,655,210,330,482,489,251,101,347,278,364,471,669,411,651,203,885,458,551,808,795,71,339,497,521,892,965
"DNAJB11",154,237,295,107,264,74,116,463,231,472,105,651,861,265,70,863,22,874,829,335,0,287,145,458,599,68,47,29,712,484,115,652,135,709,210,587,181,37,103,562,613,399,306,865,620,616,809,5,808,180,800,898,175,258,41,500,31,38
"EXTL1",32,257,113,932,249,901,730,870,635,102,288,774,957,597,561,240,673,678,108,138,287,0,256,26,164,3,979,39,381,13,893,21,707,263,11,894,134,473,535,470,301,820,929,328,283,505,595,825,412,170,672,500,61,17,756,428,457,765
"ATP6V0D1",81,843,62,652,528,996,313,636,301,610,377,354,425,33,748,972,153,158,740,300,145,256,0,702,987,742,16,223,232,310,213,806,229,732,431,717,182,546,842,238,853,298,957,347,980,664,47,23,237,654,70,104,169,49,56,284,145,383
"HDGF",110,214,606,630,147,678,400,133,253,879,327,43,371,933,282,965,919,189,913,358,458,26,702,0,971,408,722,252,206,26,543,507,624,389,83,740,860,736,674,626,370,795,679,778,613,384,480,326,863,499,569,34,437,448,87,538,459,475
"EXTL2",24,338,359,955,235,538,403,641,94,708,839,436,777,697,408,847,44,280,490,314,599,164,987,971,0,409,85,543,709,910,464,517,126,384,71,358,886,916,642,362,594,629,634,358,939,457,395,242,353,275,217,979,318,641,135,842,27,208
"CTDSP2",702,474,522,633,71,111,813,517,520,165,193,756,654,730,643,113,343,600,938,836,68,3,742,408,409,0,670,475,542,52,150,494,564,663,602,453,169,400,650,977,627,490,668,345,442,656,773,948,659,63,239,238,744,647,978,598,101,830
"DDIT3",381,83,463,934,98,438,125,841,451,887,731,199,406,132,623,138,507,348,354,124,47,979,16,722,85,670,0,949,526,285,909,909,560,436,439,984,87,800,860,689,3,217,46,476,156,911,193,850,857,607,169,24,182,454,641,660,673,169
"SHC1",126,881,951,372,603,640,516,805,948,922,615,530,597,826,947,427,236,678,821,903,29,39,223,252,543,475,949,0,870,117,752,185,990,177,624,376,83,167,448,531,59,184,621,901,769,646,293,579,622,477,176,308,574,47,260,894,590,730
"TSPYL2",14,775,708,3,892,975,512,153,56,118,566,562,768,271,802,901,25,946,753,345,712,381,232,206,709,542,526,870,0,908,557,482,767,682,925,762,608,689,969,553,754,823,812,440,205,728,158,249,425,837,861,186,449,617,262,754,61,622
"TPP1",780,737,157,392,340,991,93,67,486,414,80,617,47,973,922,86,502,187,39,1,484,13,310,26,910,52,285,117,908,0,32,154,38,700,901,673,450,333,15,493,987,630,991,589,573,46,175,223,545,685,525,350,417,668,64,620,269,702
"PDIA5",678,111,36,430,612,19,178,118,442,619,754,246,714,928,80,910,7,437,234,773,115,893,213,543,464,150,909,752,557,32,0,379,828,74,151,426,295,101,456,691,798,650,751,79,839,234,912,48,265,335,511,19,338,923,214,842,81,357
"EXTL3",1,313,84,472,317,876,703,762,651,242,10,81,812,446,560,259,772,974,781,254,652,21,806,507,517,494,909,185,482,154,379,0,612,211,151,86,658,967,921,737,909,465,496,47,442,274,806,467,259,358,450,7,360,592,949,286,848,753
"ARFGAP1",886,354,37,88,125,89,476,55,426,222,284,114,1000,857,640,982,60,104,684,655,135,707,229,624,126,564,560,990,767,38,828,612,0,533,178,362,609,68,510,170,890,297,945,553,22,90,764,785,903,170,863,907,978,330,624,384,52,388
"DNAJB9",442,376,657,445,62,75,1000,13,147,591,990,130,981,307,160,660,128,204,447,210,709,263,732,389,384,663,436,177,682,700,74,211,533,0,193,23,803,344,282,557,983,453,159,256,494,59,89,251,632,42,344,441,22,170,428,3,244,951
"SULT1A3",549,119,825,14,339,284,531,746,2,243,39,322,14,813,210,18,0,625,207,330,210,11,431,83,71,602,439,624,925,901,151,151,178,193,0,181,538,767,457,794,319,838,5,775,273,33,20,1,20,25,90,26,641,23,1,541,0,474
"DNAJC3",551,875,201,780,95,337,279,608,922,821,761,872,251,203,905,195,401,853,716,482,587,894,717,740,358,453,984,376,762,673,426,86,362,23,181,0,280,296,893,380,232,683,25,309,237,173,906,738,912,120,276,10,861,854,800,62,545,291
"SERP1",116,594,474,27,835,117,512,438,14,288,422,371,206,444,49,754,0,215,881,489,181,134,182,860,886,169,87,83,608,450,295,658,609,803,538,280,0,314,694,214,756,727,385,938,389,172,448,71,143,168,886,720,972,780,15,705,43,436
"IGFBP1",748,248,284,216,318,692,24,263,286,259,955,261,297,142,645,497,540,127,502,251,37,473,546,736,916,400,800,167,689,333,101,967,68,344,767,296,314,0,975,822,36,411,58,454,332,660,963,121,885,600,698,969,261,374,675,698,627,758
"YIF1A",175,285,187,414,557,867,764,12,571,938,566,569,720,165,360,882,101,690,860,101,103,535,842,674,642,650,860,448,969,15,456,921,510,282,457,893,694,975,0,950,589,694,984,262,421,532,712,68,3,862,466,533,280,824,187,544,146,851
"ZBTB17",10,976,28,696,135,384,998,55,84,156,527,459,641,490,155,880,696,948,835,347,562,470,238,626,362,977,689,531,553,493,691,737,170,557,794,380,214,822,950,0,958,460,386,888,939,185,165,732,117,119,787,721,846,640,495,25,523,264
"LMNA",321,648,186,429,952,440,856,374,6,620,101,115,187,949,129,186,202,605,116,278,613,301,853,370,594,627,3,59,754,987,798,909,890,983,319,232,756,36,589,958,0,565,631,963,6,112,218,0,46,194,619,1,737,109,0,281,1,518
"WFS1",412,583,264,246,381,454,130,90,206,524,82,912,430,985,737,425,800,384,168,364,399,820,298,795,629,490,217,184,823,630,650,465,297,453,838,683,727,411,694,460,565,0,953,95,35,317,279,874,700,999,331,93,517,856,868,410,155,407
"KDELR3",609,742,118,742,441,570,242,102,717,889,75,664,117,260,428,674,289,353,865,471,306,929,957,679,634,668,46,621,812,991,751,496,945,159,5,25,385,58,984,386,631,953,0,760,579,254,243,421,854,253,14,268,567,757,336,260,140,856
"CXCL8",120,152,447,189,62,121,104,451,875,223,55,313,947,692,422,771,736,162,731,669,865,328,347,778,358,345,476,901,440,589,79,47,553,256,775,309,938,454,262,888,963,95,760,0,667,314,707,440,955,4,433,558,385,988,947,53,749,859
"CALR",602,355,400,580,675,273,417,0,862,199,964,787,817,899,162,448,37,280,857,411,620,283,980,613,939,442,156,769,205,573,839,442,22,494,273,237,389,332,421,939,6,35,579,667,0,53,386,101,441,435,357,122,723,559,123,881,106,494
"HYOU1",266,692,40,747,986,221,297,8,984,990,235,357,285,549,396,149,0,927,882,651,616,505,664,384,457,656,911,646,728,46,234,274,90,59,33,173,172,660,532,185,112,317,254,314,53,0,973,33,305,361,598,2,56,457,135,942,87,880
"GSK3A",239,337,729,831,784,326,871,82,748,593,37,324,93,697,947,955,592,98,154,203,809,595,47,480,395,773,193,293,158,175,912,806,764,89,20,906,448,963,712,165,218,279,243,707,386,973,0,994,738,320,383,551,640,653,992,746,594,118
"ASNS",758,546,657,848,8,836,598,240,608,387,384,43,767,133,200,9,112,132,499,885,5,825,23,326,242,948,850,579,249,223,48,467,785,251,1,738,71,121,68,732,0,874,421,440,101,33,994,0,886,696,755,1,425,183,659,320,145,299
"PREB",642,969,312,126,823,150,767,74,544,430,161,65,70,121,10,470,133,241,714,458,808,412,237,863,353,659,857,622,425,545,265,259,903,632,20,912,143,885,3,117,46,700,854,955,441,305,738,886,0,895,140,49,981,930,887,177,568,729
"SSR1",70,974,86,207,919,135,4,22,619,529,260,119,946,316,308,254,143,803,342,551,180,170,654,499,275,63,607,477,837,685,335,358,170,42,25,120,168,600,862,119,194,999,253,4,435,361,320,696,895,0,410,80,176,582,848,977,785,920
"CXXC1",45,754,181,908,605,782,386,575,502,600,0,207,4,178,24,167,623,995,474,808,800,672,70,569,217,239,169,176,861,525,511,450,863,344,90,276,886,698,466,787,619,331,14,433,357,598,383,755,140,410,0,355,784,872,271,227,103,351
"MYDGF",945,273,150,814,8,32,571,2,292,932,57,702,97,799,611,366,0,416,83,795,898,500,104,34,979,238,24,308,186,350,19,7,907,441,26,10,720,969,533,721,1,93,268,558,122,2,551,1,49,80,355,0,846,624,21,374,0,737
"PPP2R5B",592,979,43,582,529,73,378,63,351,450,329,990,872,646,504,676,738,541,154,71,175,61,169,437,318,744,182,574,449,417,338,360,978,22,641,861,972,261,280,846,737,517,567,385,723,56,640,425,981,176,784,846,0,919,908,825,456,154
"GOSR2",84,853,183,238,559,495,34,65,207,127,602,405,830,216,659,501,318,585,758,339,258,17,49,448,641,647,454,47,617,668,923,592,330,170,23,854,780,374,824,640,109,856,757,988,559,457,653,183,930,582,872,624,919,0,304,280,32,277
"ATF4",489,134,347,710,444,683,700,555,705,650,28,266,800,247,431,242,759,531,361,497,41,756,56,87,135,978,641,260,262,64,214,949,624,428,1,800,15,675,187,495,0,868,336,947,123,135,992,659,887,848,271,21,908,304,0,959,249,627
"GFPT1",415,125,811,441,665,82,44,791,862,335,601,672,523,217,300,888,702,250,123,521,500,428,284,538,842,598,660,894,754,620,842,286,384,3,541,62,705,698,544,25,281,410,260,53,881,942,746,320,177,977,227,374,825,280,959,0,685,528
"PDIA6",986,150,44,199,232,55,49,8,525,851,776,25,237,944,19,82,0,508,242,892,31,457,145,459,27,101,673,590,61,269,81,848,52,244,0,545,43,627,146,523,1,155,140,749,106,87,594,145,568,785,103,0,456,32,249,685,0,96
"ATF3",986,273,438,360,593,11,15,74,176,673,973,619,802,250,851,793,78,206,245,965,38,765,383,475,208,830,169,730,622,702,357,753,388,951,474,291,436,758,851,264,518,407,856,859,494,880,118,299,729,920,351,737,154,277,627,528,96,0
