"","CCL2","FKBP14","ACADVL","ADD1","EDEM1","HSP90B1","CUL7","WIPI1","PLA2G4B","TLN1","KLHDC3","SEC31A","XBP1","HERPUD1","DCTN1","SRPRB","HSPA5","DDX11","TATDN2","SYVN1","DNAJB11","EXTL1","ATP6V0D1","HDGF","EXTL2","CTDSP2","DDIT3","SHC1","TSPYL2","TPP1","PDIA5","EXTL3","ARFGAP1","DNAJB9","SULT1A3","DNAJC3","SERP1","IGFBP1","YIF1A","ZBTB17","LMNA","WFS1","KDELR3","CXCL8","CALR","HYOU1","GSK3A","ASNS","PREB","SSR1","CXXC1","MYDGF","PPP2R5B","GOSR2","ATF4","GFPT1","PDIA6","ATF3"
"CCL2",0,402,471,581,243,424,29,353,485,33,549,492,954,100,561,84,120,340,38,503,406,579,188,63,62,44,248,72,314,58,984,147,633,274,785,31,697,513,187,975,525,657,788,251,534,36,41,759,964,84,305,994,286,755,434,112,406,199
"FKBP14",402,0,166,205,104,307,537,948,393,696,838,372,384,153,594,653,534,61,189,412,341,920,533,4,23,270,825,558,958,141,165,588,376,741,301,776,567,275,723,613,754,493,305,537,532,131,839,351,580,646,113,889,691,22,547,222,424,910
"ACADVL",471,166,0,721,422,386,240,822,252,387,471,203,315,15,383,150,51,171,867,66,599,136,112,394,62,238,859,700,554,325,612,209,837,147,580,248,231,398,96,216,913,417,669,866,661,484,916,277,877,345,749,792,873,341,854,20,286,743
"ADD1",581,205,721,0,870,229,614,997,796,278,401,313,82,819,309,756,443,506,269,730,373,759,876,238,528,655,388,600,940,189,228,898,981,727,505,362,956,436,408,591,917,914,995,598,681,888,704,690,257,352,488,260,831,413,606,298,782,989
"EDEM1",243,104,422,870,0,215,109,798,902,655,531,358,994,108,443,536,291,213,678,654,7,924,585,301,84,162,909,715,247,308,239,829,335,202,163,340,395,5,932,375,715,381,561,797,651,55,444,188,662,197,31,822,136,55,942,678,122,553
"HSP90B1",424,307,386,229,215,0,271,360,220,876,40,673,906,245,326,369,99,635,751,957,78,848,472,154,208,317,671,677,636,773,354,413,476,154,89,124,926,646,725,609,704,484,853,344,939,743,582,25,779,160,814,971,915,75,724,335,67,721
"CUL7",29,537,240,614,109,271,0,773,990,616,986,979,994,509,691,451,961,244,261,195,88,464,559,493,75,419,581,278,606,212,48,646,14,809,262,667,932,123,683,534,386,212,688,707,850,50,177,533,38,475,273,641,317,734,862,588,783,882
"WIPI1",353,948,822,997,798,360,773,0,166,644,579,663,774,388,979,322,294,787,443,842,866,351,971,221,598,920,492,249,877,572,901,387,377,636,671,407,361,519,540,910,237,826,957,222,624,676,167,467,651,521,562,974,729,446,271,971,243,39
"PLA2G4B",485,393,252,796,902,220,990,166,0,373,717,880,88,874,678,635,717,984,350,738,460,455,602,726,764,698,733,209,460,343,652,53,447,284,458,397,327,201,493,432,777,27,190,336,816,471,674,83,953,330,538,686,79,945,392,580,618,209
"TLN1",33,696,387,278,655,876,616,644,373,0,438,34,109,997,250,234,673,328,426,670,217,417,763,914,401,99,829,560,345,306,895,471,14,148,824,807,698,93,292,118,258,301,405,619,303,29,720,255,104,421,84,914,959,998,365,118,936,615
"KLHDC3",549,838,471,401,531,40,986,579,717,438,0,348,624,767,374,250,487,257,303,272,437,898,252,320,732,353,106,825,679,539,815,405,957,635,835,913,910,982,180,422,315,455,32,2,632,693,180,342,128,918,652,395,961,606,866,598,212,471
"SEC31A",492,372,203,313,358,673,979,663,880,34,348,0,285,569,637,200,979,225,273,711,597,662,377,665,98,910,520,407,658,380,534,937,389,806,131,972,823,256,644,345,347,884,128,340,873,330,347,257,83,957,422,724,973,947,377,549,973,548
"XBP1",954,384,315,82,994,906,994,774,88,109,624,285,0,832,440,996,476,579,498,979,130,176,981,190,603,803,884,735,833,593,387,490,884,773,288,917,105,14,201,676,544,26,386,526,693,246,163,21,876,705,867,917,671,393,452,619,829,312
"HERPUD1",100,153,15,819,108,245,509,388,874,997,767,569,832,0,426,293,721,671,983,94,150,374,236,56,129,381,874,778,204,789,219,20,482,530,93,530,858,81,945,483,68,192,622,419,592,347,398,600,214,495,54,403,229,178,990,920,438,575
"DCTN1",561,594,383,309,443,326,691,979,678,250,374,637,440,426,0,586,166,896,455,712,14,868,476,145,746,746,413,146,908,451,991,264,679,864,340,704,425,13,159,447,896,309,832,268,123,241,949,308,551,797,174,198,786,22,867,534,29,655
"SRPRB",84,653,150,756,536,369,451,322,635,234,250,200,996,293,586,0,511,433,433,824,0,531,840,28,946,697,513,528,302,147,538,11,210,177,596,450,820,399,157,683,896,390,702,179,90,566,860,266,518,474,946,408,187,59,846,492,265,663
"HSPA5",120,534,51,443,291,99,961,294,717,673,487,979,476,721,166,511,0,376,982,95,51,322,804,25,657,595,913,981,994,992,168,16,376,902,333,721,993,261,386,142,194,69,234,167,739,732,606,202,434,672,519,663,340,70,761,967,61,412
"DDX11",340,61,171,506,213,635,244,787,984,328,257,225,579,671,896,433,376,0,90,607,298,822,610,197,111,774,797,232,848,716,22,901,229,905,329,628,944,130,987,390,520,876,378,834,112,125,924,214,498,459,0,830,447,56,777,613,500,836
"TATDN2",38,189,867,269,678,751,261,443,350,426,303,273,498,983,455,433,982,90,0,763,447,273,864,658,496,845,751,617,654,812,500,775,4,416,993,588,593,320,931,410,488,473,493,925,36,9,836,323,335,541,520,961,859,431,337,981,810,894
"SYVN1",503,412,66,730,654,957,195,842,738,670,272,711,979,94,712,824,95,607,763,0,103,591,674,311,346,559,975,647,843,736,75,811,462,521,467,448,189,302,100,175,720,934,104,343,885,256,817,584,179,552,24,818,947,143,895,499,424,918
"DNAJB11",406,341,599,373,7,78,88,866,460,217,437,597,130,150,14,0,51,298,447,103,0,954,61,3,172,34,844,53,904,144,467,437,867,54,78,1,201,487,158,39,986,881,215,239,977,271,212,981,984,19,462,185,510,5,940,57,16,558
"EXTL1",579,920,136,759,924,848,464,351,455,417,898,662,176,374,868,531,322,822,273,591,954,0,949,943,211,731,163,453,699,799,789,262,276,380,309,717,796,305,399,513,179,25,194,313,932,168,287,561,430,337,912,873,164,776,411,707,523,527
"ATP6V0D1",188,533,112,876,585,472,559,971,602,763,252,377,981,236,476,840,804,610,864,674,61,949,0,746,843,728,963,893,488,947,485,66,389,744,209,747,602,670,214,528,486,439,502,573,727,879,876,793,56,888,225,755,954,693,311,622,816,494
"HDGF",63,4,394,238,301,154,493,221,726,914,320,665,190,56,145,28,25,197,658,311,3,943,746,0,952,285,525,972,205,300,175,297,316,301,264,76,485,44,408,941,978,857,900,226,79,152,447,964,700,213,76,614,977,41,672,826,75,442
"EXTL2",62,23,62,528,84,208,75,598,764,401,732,98,603,129,746,946,657,111,496,346,172,211,843,952,0,90,810,11,173,210,26,619,522,662,454,229,964,106,630,319,722,942,540,813,656,67,542,516,314,467,41,823,422,124,960,218,494,504
"CTDSP2",44,270,238,655,162,317,419,920,698,99,353,910,803,381,746,697,595,774,845,559,34,731,728,285,90,0,949,770,275,763,443,391,116,894,232,844,722,42,385,157,230,129,639,896,531,103,288,311,171,206,21,726,332,603,469,718,513,910
"DDIT3",248,825,859,388,909,671,581,492,733,829,106,520,884,874,413,513,913,797,751,975,844,163,963,525,810,949,0,741,456,845,449,107,379,390,333,979,58,869,981,356,697,78,769,943,313,141,555,710,502,911,753,370,569,995,411,744,994,245
"SHC1",72,558,700,600,715,677,278,249,209,560,825,407,735,778,146,528,981,232,617,647,53,453,893,972,11,770,741,0,600,645,224,581,21,153,773,432,218,31,188,99,946,625,395,472,93,79,682,270,326,408,331,535,952,431,465,419,901,482
"TSPYL2",314,958,554,940,247,636,606,877,460,345,679,658,833,204,908,302,994,848,654,843,904,699,488,205,173,275,456,600,0,705,659,534,15,506,231,767,601,364,183,144,334,952,351,451,574,143,992,662,86,299,81,289,81,562,895,836,899,682
"TPP1",58,141,325,189,308,773,212,572,343,306,539,380,593,789,451,147,992,716,812,736,144,799,947,300,210,763,845,645,705,0,675,686,6,464,865,726,892,201,837,204,446,686,329,708,400,75,940,488,103,987,259,967,969,631,258,875,894,872
"PDIA5",984,165,612,228,239,354,48,901,652,895,815,534,387,219,991,538,168,22,500,75,467,789,485,175,26,443,449,224,659,675,0,457,697,404,475,200,994,282,613,800,840,819,754,548,368,67,571,38,634,340,488,919,637,158,996,274,338,658
"EXTL3",147,588,209,898,829,413,646,387,53,471,405,937,490,20,264,11,16,901,775,811,437,262,66,297,619,391,107,581,534,686,457,0,306,172,878,332,284,140,533,751,107,684,112,198,509,702,792,626,470,260,645,253,880,528,544,871,255,501
"ARFGAP1",633,376,837,981,335,476,14,377,447,14,957,389,884,482,679,210,376,229,4,462,867,276,389,316,522,116,379,21,15,6,697,306,0,168,637,4,572,892,235,865,432,417,458,181,604,566,882,728,593,122,251,121,61,199,965,122,268,767
"DNAJB9",274,741,147,727,202,154,809,636,284,148,635,806,773,530,864,177,902,905,416,521,54,380,744,301,662,894,390,153,506,464,404,172,168,0,433,208,351,19,73,245,442,120,903,828,722,390,688,246,506,708,198,389,714,136,895,116,308,544
"SULT1A3",785,301,580,505,163,89,262,671,458,824,835,131,288,93,340,596,333,329,993,467,78,309,209,264,454,232,333,773,231,865,475,878,637,433,0,424,137,18,948,490,696,60,667,832,814,676,754,410,489,565,47,278,843,246,633,369,272,469
"DNAJC3",31,776,248,362,340,124,667,407,397,807,913,972,917,530,704,450,721,628,588,448,1,717,747,76,229,844,979,432,767,726,200,332,4,208,424,0,597,213,152,258,719,492,644,720,373,13,481,580,254,879,209,480,635,82,341,876,553,517
"SERP1",697,567,231,956,395,926,932,361,327,698,910,823,105,858,425,820,993,944,593,189,201,796,602,485,964,722,58,218,601,892,994,284,572,351,137,597,0,67,466,247,325,9,633,198,356,526,980,217,651,384,779,590,406,569,878,746,770,374
"IGFBP1",513,275,398,436,5,646,123,519,201,93,982,256,14,81,13,399,261,130,320,302,487,305,670,44,106,42,869,31,364,201,282,140,892,19,18,213,67,0,19,979,506,443,831,663,153,787,313,444,568,100,780,859,140,369,648,63,480,318
"YIF1A",187,723,96,408,932,725,683,540,493,292,180,644,201,945,159,157,386,987,931,100,158,399,214,408,630,385,981,188,183,837,613,533,235,73,948,152,466,19,0,243,54,159,265,995,963,442,702,333,40,503,149,223,804,712,755,326,896,800
"ZBTB17",975,613,216,591,375,609,534,910,432,118,422,345,676,483,447,683,142,390,410,175,39,513,528,941,319,157,356,99,144,204,800,751,865,245,490,258,247,979,243,0,419,795,291,620,66,854,801,953,976,329,408,18,54,874,123,842,384,791
"LMNA",525,754,913,917,715,704,386,237,777,258,315,347,544,68,896,896,194,520,488,720,986,179,486,978,722,230,697,946,334,446,840,107,432,442,696,719,325,506,54,419,0,982,59,920,302,11,405,731,839,405,83,402,540,290,755,411,106,33
"WFS1",657,493,417,914,381,484,212,826,27,301,455,884,26,192,309,390,69,876,473,934,881,25,439,857,942,129,78,625,952,686,819,684,417,120,60,492,9,443,159,795,982,0,734,457,304,262,329,241,326,363,293,955,521,114,947,405,30,155
"KDELR3",788,305,669,995,561,853,688,957,190,405,32,128,386,622,832,702,234,378,493,104,215,194,502,900,540,639,769,395,351,329,754,112,458,903,667,644,633,831,265,291,59,734,0,513,438,727,953,572,573,703,992,29,471,762,478,341,80,762
"CXCL8",251,537,866,598,797,344,707,222,336,619,2,340,526,419,268,179,167,834,925,343,239,313,573,226,813,896,943,472,451,708,548,198,181,828,832,720,198,663,995,620,920,457,513,0,460,126,807,562,311,929,651,282,329,586,705,686,27,408
"CALR",534,532,661,681,651,939,850,624,816,303,632,873,693,592,123,90,739,112,36,885,977,932,727,79,656,531,313,93,574,400,368,509,604,722,814,373,356,153,963,66,302,304,438,460,0,295,499,644,660,581,405,611,940,834,282,690,284,535
"HYOU1",36,131,484,888,55,743,50,676,471,29,693,330,246,347,241,566,732,125,9,256,271,168,879,152,67,103,141,79,143,75,67,702,566,390,676,13,526,787,442,854,11,262,727,126,295,0,336,220,163,144,552,141,254,832,935,215,44,547
"GSK3A",41,839,916,704,444,582,177,167,674,720,180,347,163,398,949,860,606,924,836,817,212,287,876,447,542,288,555,682,992,940,571,792,882,688,754,481,980,313,702,801,405,329,953,807,499,336,0,95,532,494,144,900,239,979,895,903,538,931
"ASNS",759,351,277,690,188,25,533,467,83,255,342,257,21,600,308,266,202,214,323,584,981,561,793,964,516,311,710,270,662,488,38,626,728,246,410,580,217,444,333,953,731,241,572,562,644,220,95,0,887,370,415,830,261,252,683,164,241,323
"PREB",964,580,877,257,662,779,38,651,953,104,128,83,876,214,551,518,434,498,335,179,984,430,56,700,314,171,502,326,86,103,634,470,593,506,489,254,651,568,40,976,839,326,573,311,660,163,532,887,0,258,776,160,284,102,106,28,258,557
"SSR1",84,646,345,352,197,160,475,521,330,421,918,957,705,495,797,474,672,459,541,552,19,337,888,213,467,206,911,408,299,987,340,260,122,708,565,879,384,100,503,329,405,363,703,929,581,144,494,370,258,0,204,972,760,337,586,655,608,924
"CXXC1",305,113,749,488,31,814,273,562,538,84,652,422,867,54,174,946,519,0,520,24,462,912,225,76,41,21,753,331,81,259,488,645,251,198,47,209,779,780,149,408,83,293,992,651,405,552,144,415,776,204,0,27,145,322,107,257,714,642
"MYDGF",994,889,792,260,822,971,641,974,686,914,395,724,917,403,198,408,663,830,961,818,185,873,755,614,823,726,370,535,289,967,919,253,121,389,278,480,590,859,223,18,402,955,29,282,611,141,900,830,160,972,27,0,693,987,345,715,862,789
"PPP2R5B",286,691,873,831,136,915,317,729,79,959,961,973,671,229,786,187,340,447,859,947,510,164,954,977,422,332,569,952,81,969,637,880,61,714,843,635,406,140,804,54,540,521,471,329,940,254,239,261,284,760,145,693,0,551,985,460,928,944
"GOSR2",755,22,341,413,55,75,734,446,945,998,606,947,393,178,22,59,70,56,431,143,5,776,693,41,124,603,995,431,562,631,158,528,199,136,246,82,569,369,712,874,290,114,762,586,834,832,979,252,102,337,322,987,551,0,961,623,769,716
"ATF4",434,547,854,606,942,724,862,271,392,365,866,377,452,990,867,846,761,777,337,895,940,411,311,672,960,469,411,465,895,258,996,544,965,895,633,341,878,648,755,123,755,947,478,705,282,935,895,683,106,586,107,345,985,961,0,718,242,315
"GFPT1",112,222,20,298,678,335,588,971,580,118,598,549,619,920,534,492,967,613,981,499,57,707,622,826,218,718,744,419,836,875,274,871,122,116,369,876,746,63,326,842,411,405,341,686,690,215,903,164,28,655,257,715,460,623,718,0,994,856
"PDIA6",406,424,286,782,122,67,783,243,618,936,212,973,829,438,29,265,61,500,810,424,16,523,816,75,494,513,994,901,899,894,338,255,268,308,272,553,770,480,896,384,106,30,80,27,284,44,538,241,258,608,714,862,928,769,242,994,0,175
"ATF3",199,910,743,989,553,721,882,39,209,615,471,548,312,575,655,663,412,836,894,918,558,527,494,442,504,910,245,482,682,872,658,501,767,544,469,517,374,318,800,791,33,155,762,408,535,547,931,323,557,924,642,789,944,716,315,856,175,0
