"","CCL2","FKBP14","ACADVL","ADD1","EDEM1","HSP90B1","CUL7","WIPI1","PLA2G4B","TLN1","KLHDC3","SEC31A","XBP1","HERPUD1","DCTN1","SRPRB","HSPA5","DDX11","TATDN2","SYVN1","DNAJB11","EXTL1","ATP6V0D1","HDGF","EXTL2","CTDSP2","DDIT3","SHC1","TSPYL2","TPP1","PDIA5","EXTL3","ARFGAP1","DNAJB9","SULT1A3","DNAJC3","SERP1","IGFBP1","YIF1A","ZBTB17","LMNA","WFS1","KDELR3","CXCL8","CALR","HYOU1","GSK3A","ASNS","PREB","SSR1","CXXC1","MYDGF","PPP2R5B","GOSR2","ATF4","GFPT1","PDIA6","ATF3"
"CCL2",0,239,191,847,753,521,617,729,865,237,749,372,860,724,405,336,95,41,66,307,89,2,445,667,120,222,213,951,36,305,319,865,710,744,813,140,642,195,672,318,881,430,965,132,296,438,484,44,780,178,764,373,351,83,948,620,686,944
"FKBP14",239,0,271,342,226,75,166,401,340,406,100,357,316,655,632,112,955,430,954,414,354,653,444,269,8,66,77,254,61,165,977,251,413,58,392,653,732,95,264,318,904,227,959,427,95,20,343,617,53,156,344,75,79,127,787,900,36,593
"ACADVL",191,271,0,280,974,771,735,828,454,85,925,171,484,78,418,144,969,200,771,108,375,776,141,584,766,649,400,175,382,562,843,457,96,107,594,645,362,378,970,832,321,548,158,588,921,577,677,781,431,787,503,335,609,142,176,693,275,123
"ADD1",847,342,280,0,330,131,88,786,350,32,850,572,899,566,241,654,522,129,620,720,143,834,854,674,331,195,870,765,203,333,497,580,936,738,957,695,347,526,356,999,492,3,933,902,534,983,672,4,136,320,441,720,311,521,354,373,558,907
"EDEM1",753,226,974,330,0,142,463,879,39,827,293,355,693,967,952,717,940,62,72,923,857,176,234,85,127,876,680,226,324,126,508,378,218,471,166,104,941,284,857,868,718,10,528,299,301,292,386,98,19,271,473,798,48,243,986,454,46,838
"HSP90B1",521,75,771,131,142,0,267,221,806,121,453,491,468,655,828,0,143,565,979,444,88,573,175,438,343,52,180,159,876,293,162,892,164,826,181,38,119,109,791,908,10,230,33,684,110,886,341,419,559,360,886,631,190,22,666,135,554,373
"CUL7",617,166,735,88,463,267,0,206,508,883,466,998,924,610,137,43,35,882,956,583,39,188,666,411,125,71,938,599,463,301,14,159,552,135,151,72,27,301,787,658,40,556,167,569,204,32,924,227,113,397,963,567,776,107,134,282,52,682
"WIPI1",729,401,828,786,879,221,206,0,294,693,828,110,649,709,286,225,935,427,705,791,23,245,889,786,645,823,65,594,643,797,480,232,157,616,936,664,311,22,634,707,540,362,349,973,990,168,941,813,754,280,117,654,603,846,891,391,435,447
"PLA2G4B",865,340,454,350,39,806,508,294,0,247,588,33,234,71,460,483,289,906,723,508,463,456,40,553,302,596,201,847,367,974,754,492,224,6,698,274,577,191,167,753,994,563,810,261,647,720,435,54,991,675,68,288,974,515,407,485,838,992
"TLN1",237,406,85,32,827,121,883,693,247,0,434,99,972,579,545,661,78,960,632,207,71,407,697,404,89,398,361,298,216,100,818,149,504,809,272,396,867,346,302,297,709,22,993,555,289,151,414,70,486,235,956,898,125,196,912,396,4,534
"KLHDC3",749,100,925,850,293,453,466,828,588,434,0,274,715,416,178,268,148,827,384,701,35,265,256,644,200,174,648,382,817,866,264,61,574,316,97,250,33,999,846,590,39,883,233,990,497,443,783,175,800,730,128,734,729,68,239,830,292,633
"SEC31A",372,357,171,572,355,491,998,110,33,99,274,0,123,236,105,1,845,372,332,24,220,742,650,47,75,4,696,75,638,132,302,41,393,928,665,700,109,841,41,673,94,271,639,200,617,707,383,396,71,256,799,445,32,69,249,442,131,130
"XBP1",860,316,484,899,693,468,924,649,234,972,715,123,0,440,578,899,166,622,189,366,817,731,53,732,376,25,228,483,195,75,407,66,676,474,898,476,514,718,778,937,827,532,488,309,978,577,827,465,398,986,875,836,379,483,997,134,604,395
"HERPUD1",724,655,78,566,967,655,610,709,71,579,416,236,440,0,697,296,82,829,108,338,813,866,0,170,852,110,656,193,714,267,538,84,308,28,355,488,619,784,121,925,141,37,476,943,708,397,703,973,175,89,301,944,333,282,987,212,924,851
"DCTN1",405,632,418,241,952,828,137,286,460,545,178,105,578,697,0,544,443,893,367,70,49,950,0,602,620,119,999,64,269,987,575,601,917,462,301,678,595,812,90,504,52,23,878,812,875,973,268,264,702,347,429,123,90,457,249,327,133,945
"SRPRB",336,112,144,654,717,0,43,225,483,661,268,1,899,296,544,0,42,326,811,297,21,978,729,499,94,701,55,379,477,36,578,820,7,1000,779,134,255,553,527,552,671,836,157,559,77,91,262,199,346,245,271,112,862,15,425,452,67,572
"HSPA5",95,955,969,522,940,143,35,935,289,78,148,845,166,82,443,42,0,68,892,381,539,660,894,393,11,54,273,328,620,963,43,588,438,181,689,716,278,772,145,420,877,502,234,454,0,3,728,51,54,137,640,26,265,196,608,654,53,308
"DDX11",41,430,200,129,62,565,882,427,906,960,827,372,622,829,893,326,68,0,48,272,504,186,573,73,454,777,915,933,658,60,519,580,62,668,76,168,250,645,548,296,183,243,489,121,68,474,194,87,37,403,18,441,188,53,821,65,886,205
"TATDN2",66,954,771,620,72,979,956,705,723,632,384,332,189,108,367,811,892,48,0,204,993,719,727,335,858,367,521,561,937,101,711,587,441,859,212,369,837,856,781,572,181,79,867,687,552,838,338,267,25,360,63,762,788,294,859,948,490,673
"SYVN1",307,414,108,720,923,444,583,791,508,207,701,24,366,338,70,297,381,272,204,0,181,856,413,985,265,414,920,550,853,704,425,300,385,431,414,717,173,142,485,358,206,935,489,696,828,430,400,35,872,734,475,822,698,409,760,476,517,793
"DNAJB11",89,354,375,143,857,88,39,23,463,71,35,220,817,813,49,21,539,504,993,181,0,296,347,718,134,482,139,435,991,582,3,892,233,480,612,746,857,50,971,892,689,29,15,686,337,563,726,622,730,990,493,31,255,667,828,179,498,273
"EXTL1",2,653,776,834,176,573,188,245,456,407,265,742,731,866,950,978,660,186,719,856,296,0,985,222,460,807,400,676,395,885,733,539,405,704,207,148,968,261,820,439,900,740,356,467,647,894,197,971,470,75,355,979,67,263,112,632,840,326
"ATP6V0D1",445,444,141,854,234,175,666,889,40,697,256,650,53,0,0,729,894,573,727,413,347,985,0,638,6,477,895,605,130,863,536,203,948,117,199,103,43,904,361,346,442,682,1000,989,55,265,492,846,196,163,554,238,93,786,49,160,114,910
"HDGF",667,269,584,674,85,438,411,786,553,404,644,47,732,170,602,499,393,73,335,985,718,222,638,0,189,261,317,706,700,274,995,293,405,884,715,258,299,385,537,498,663,383,645,920,68,430,7,149,924,82,58,389,407,212,605,640,398,630
"EXTL2",120,8,766,331,127,343,125,645,302,89,200,75,376,852,620,94,11,454,858,265,134,460,6,189,0,29,298,4,339,80,433,112,70,686,130,82,452,818,861,99,15,97,243,693,154,307,887,771,185,136,706,511,0,8,345,242,19,120
"CTDSP2",222,66,649,195,876,52,71,823,596,398,174,4,25,110,119,701,54,777,367,414,482,807,477,261,29,0,612,46,508,171,242,285,404,548,620,91,175,913,609,22,192,167,88,662,63,142,149,186,795,158,809,197,20,6,443,479,143,325
"DDIT3",213,77,400,870,680,180,938,65,201,361,648,696,228,656,999,55,273,915,521,920,139,400,895,317,298,612,0,162,60,617,6,297,420,472,580,90,500,507,308,624,250,546,53,623,792,894,353,513,956,644,260,723,139,163,871,730,730,74
"SHC1",951,254,175,765,226,159,599,594,847,298,382,75,483,193,64,379,328,933,561,550,435,676,605,706,4,46,162,0,176,118,285,22,857,910,311,415,67,701,710,517,123,286,650,914,145,138,283,812,127,45,697,167,628,8,195,783,343,982
"TSPYL2",36,61,382,203,324,876,463,643,367,216,817,638,195,714,269,477,620,658,937,853,991,395,130,700,339,508,60,176,0,840,986,170,632,70,808,285,513,845,755,200,247,842,551,805,741,805,239,257,897,586,711,392,8,134,31,314,488,432
"TPP1",305,165,562,333,126,293,301,797,974,100,866,132,75,267,987,36,963,60,101,704,582,885,863,274,80,171,617,118,840,0,571,679,533,854,967,518,300,760,487,859,775,745,649,449,218,566,678,102,380,330,775,851,217,283,335,790,42,379
"PDIA5",319,977,843,497,508,162,14,480,754,818,264,302,407,538,575,578,43,519,711,425,3,733,536,995,433,242,6,285,986,571,0,987,168,464,361,128,721,190,287,717,642,176,167,94,561,32,972,473,126,845,603,807,756,189,419,102,57,855
"EXTL3",865,251,457,580,378,892,159,232,492,149,61,41,66,84,601,820,588,580,587,300,892,539,203,293,112,285,297,22,170,679,987,0,407,63,742,748,77,858,369,61,25,115,543,748,492,831,192,581,329,59,745,371,76,157,693,860,646,931
"ARFGAP1",710,413,96,936,218,164,552,157,224,504,574,393,676,308,917,7,438,62,441,385,233,405,948,405,70,404,420,857,632,533,168,407,0,604,347,320,162,76,358,811,396,167,160,697,60,87,686,91,36,164,402,56,616,472,446,520,187,417
"DNAJB9",744,58,107,738,471,826,135,616,6,809,316,928,474,28,462,1000,181,668,859,431,480,704,117,884,686,548,472,910,70,854,464,63,604,0,91,672,722,226,799,160,228,83,196,443,563,199,646,486,372,896,23,874,393,313,861,378,693,950
"SULT1A3",813,392,594,957,166,181,151,936,698,272,97,665,898,355,301,779,689,76,212,414,612,207,199,715,130,620,580,311,808,967,361,742,347,91,0,85,762,111,998,653,843,346,210,383,420,602,720,21,566,971,664,646,955,953,172,859,134,521
"DNAJC3",140,653,645,695,104,38,72,664,274,396,250,700,476,488,678,134,716,168,369,717,746,148,103,258,82,91,90,415,285,518,128,748,320,672,85,0,267,686,400,801,845,34,143,514,6,0,441,35,50,27,871,229,947,604,364,13,48,42
"SERP1",642,732,362,347,941,119,27,311,577,867,33,109,514,619,595,255,278,250,837,173,857,968,43,299,452,175,500,67,513,300,721,77,162,722,762,267,0,288,636,396,409,218,245,672,517,367,267,993,75,787,143,326,261,54,647,221,216,370
"IGFBP1",195,95,378,526,284,109,301,22,191,346,999,841,718,784,812,553,772,645,856,142,50,261,904,385,818,913,507,701,845,760,190,858,76,226,111,686,288,0,448,465,841,221,552,716,171,666,967,244,228,671,580,449,390,52,877,198,101,381
"YIF1A",672,264,970,356,857,791,787,634,167,302,846,41,778,121,90,527,145,548,781,485,971,820,361,537,861,609,308,710,755,487,287,369,358,799,998,400,636,448,0,377,150,262,439,475,983,914,244,460,452,832,278,943,680,891,503,579,467,502
"ZBTB17",318,318,832,999,868,908,658,707,753,297,590,673,937,925,504,552,420,296,572,358,892,439,346,498,99,22,624,517,200,859,717,61,811,160,653,801,396,465,377,0,100,81,340,646,768,674,381,880,556,732,758,594,50,768,810,202,209,445
"LMNA",881,904,321,492,718,10,40,540,994,709,39,94,827,141,52,671,877,183,181,206,689,900,442,663,15,192,250,123,247,775,642,25,396,228,843,845,409,841,150,100,0,197,843,316,43,174,3,989,424,31,3,70,973,477,94,783,353,288
"WFS1",430,227,548,3,10,230,556,362,563,22,883,271,532,37,23,836,502,243,79,935,29,740,682,383,97,167,546,286,842,745,176,115,167,83,346,34,218,221,262,81,197,0,888,771,50,99,218,250,613,133,245,585,46,34,708,954,7,702
"KDELR3",965,959,158,933,528,33,167,349,810,993,233,639,488,476,878,157,234,489,867,489,15,356,1000,645,243,88,53,650,551,649,167,543,160,196,210,143,245,552,439,340,843,888,0,608,93,42,461,151,402,539,427,104,893,562,5,390,3,292
"CXCL8",132,427,588,902,299,684,569,973,261,555,990,200,309,943,812,559,454,121,687,696,686,467,989,920,693,662,623,914,805,449,94,748,697,443,383,514,672,716,475,646,316,771,608,0,843,744,758,230,955,416,112,707,405,545,688,907,528,660
"CALR",296,95,921,534,301,110,204,990,647,289,497,617,978,708,875,77,0,68,552,828,337,647,55,68,154,63,792,145,741,218,561,492,60,563,420,6,517,171,983,768,43,50,93,843,0,5,691,105,7,584,714,626,334,40,306,98,0,472
"HYOU1",438,20,577,983,292,886,32,168,720,151,443,707,577,397,973,91,3,474,838,430,563,894,265,430,307,142,894,138,805,566,32,831,87,199,602,0,367,666,914,674,174,99,42,744,5,0,111,34,261,992,722,986,295,212,235,271,3,410
"GSK3A",484,343,677,672,386,341,924,941,435,414,783,383,827,703,268,262,728,194,338,400,726,197,492,7,887,149,353,283,239,678,972,192,686,646,720,441,267,967,244,381,3,218,461,758,691,111,0,552,642,395,843,209,224,638,488,672,819,703
"ASNS",44,617,781,4,98,419,227,813,54,70,175,396,465,973,264,199,51,87,267,35,622,971,846,149,771,186,513,812,257,102,473,581,91,486,21,35,993,244,460,880,989,250,151,230,105,34,552,0,396,739,342,344,184,944,117,50,30,71
"PREB",780,53,431,136,19,559,113,754,991,486,800,71,398,175,702,346,54,37,25,872,730,470,196,924,185,795,956,127,897,380,126,329,36,372,566,50,75,228,452,556,424,613,402,955,7,261,642,396,0,103,203,116,984,77,941,933,40,609
"SSR1",178,156,787,320,271,360,397,280,675,235,730,256,986,89,347,245,137,403,360,734,990,75,163,82,136,158,644,45,586,330,845,59,164,896,971,27,787,671,832,732,31,133,539,416,584,992,395,739,103,0,149,814,241,3,566,677,132,719
"CXXC1",764,344,503,441,473,886,963,117,68,956,128,799,875,301,429,271,640,18,63,475,493,355,554,58,706,809,260,697,711,775,603,745,402,23,664,871,143,580,278,758,3,245,427,112,714,722,843,342,203,149,0,549,807,234,499,687,582,831
"MYDGF",373,75,335,720,798,631,567,654,288,898,734,445,836,944,123,112,26,441,762,822,31,979,238,389,511,197,723,167,392,851,807,371,56,874,646,229,326,449,943,594,70,585,104,707,626,986,209,344,116,814,549,0,859,129,218,416,37,399
"PPP2R5B",351,79,609,311,48,190,776,603,974,125,729,32,379,333,90,862,265,188,788,698,255,67,93,407,0,20,139,628,8,217,756,76,616,393,955,947,261,390,680,50,973,46,893,405,334,295,224,184,984,241,807,859,0,619,638,813,749,661
"GOSR2",83,127,142,521,243,22,107,846,515,196,68,69,483,282,457,15,196,53,294,409,667,263,786,212,8,6,163,8,134,283,189,157,472,313,953,604,54,52,891,768,477,34,562,545,40,212,638,944,77,3,234,129,619,0,428,507,8,62
"ATF4",948,787,176,354,986,666,134,891,407,912,239,249,997,987,249,425,608,821,859,760,828,112,49,605,345,443,871,195,31,335,419,693,446,861,172,364,647,877,503,810,94,708,5,688,306,235,488,117,941,566,499,218,638,428,0,374,511,671
"GFPT1",620,900,693,373,454,135,282,391,485,396,830,442,134,212,327,452,654,65,948,476,179,632,160,640,242,479,730,783,314,790,102,860,520,378,859,13,221,198,579,202,783,954,390,907,98,271,672,50,933,677,687,416,813,507,374,0,28,439
"PDIA6",686,36,275,558,46,554,52,435,838,4,292,131,604,924,133,67,53,886,490,517,498,840,114,398,19,143,730,343,488,42,57,646,187,693,134,48,216,101,467,209,353,7,3,528,0,3,819,30,40,132,582,37,749,8,511,28,0,379
"ATF3",944,593,123,907,838,373,682,447,992,534,633,130,395,851,945,572,308,205,673,793,273,326,910,630,120,325,74,982,432,379,855,931,417,950,521,42,370,381,502,445,288,702,292,660,472,410,703,71,609,719,831,399,661,62,671,439,379,0
