"","CCL2","FKBP14","ACADVL","ADD1","EDEM1","HSP90B1","CUL7","WIPI1","PLA2G4B","TLN1","KLHDC3","SEC31A","XBP1","HERPUD1","DCTN1","SRPRB","HSPA5","DDX11","TATDN2","SYVN1","DNAJB11","EXTL1","ATP6V0D1","HDGF","EXTL2","CTDSP2","DDIT3","SHC1","TSPYL2","TPP1","PDIA5","EXTL3","ARFGAP1","DNAJB9","SULT1A3","DNAJC3","SERP1","IGFBP1","YIF1A","ZBTB17","LMNA","WFS1","KDELR3","CXCL8","CALR","HYOU1","GSK3A","ASNS","PREB","SSR1","CXXC1","MYDGF","PPP2R5B","GOSR2","ATF4","GFPT1","PDIA6","ATF3"
"CCL2",0,526,354,985,105,916,336,114,423,64,140,983,303,355,411,892,973,279,535,354,813,976,37,451,705,451,991,34,538,135,661,377,196,766,216,283,191,328,553,430,590,548,527,56,606,618,981,946,998,363,894,505,650,699,163,615,514,936
"FKBP14",526,0,94,3,322,30,306,622,583,573,447,62,409,824,405,129,6,418,14,3,209,943,176,36,40,565,222,620,301,962,95,11,8,851,906,215,762,337,135,46,1,925,632,478,13,0,73,539,597,222,19,786,25,650,58,85,32,37
"ACADVL",354,94,0,385,496,23,890,921,909,498,849,33,194,191,692,3,500,264,340,414,24,642,237,106,105,194,941,168,357,265,268,219,362,351,294,547,123,376,231,62,513,213,748,225,62,84,369,280,127,72,164,53,223,110,0,155,99,503
"ADD1",985,3,385,0,345,320,245,475,828,397,794,209,635,772,658,783,257,347,427,603,143,354,424,262,0,535,328,139,110,449,29,886,277,432,533,179,379,407,26,419,127,846,267,690,309,626,655,852,686,460,52,394,840,240,26,46,287,400
"EDEM1",105,322,496,345,0,13,905,182,547,418,657,131,985,178,965,300,339,985,938,134,332,735,287,398,67,651,955,75,806,668,252,771,639,759,969,355,741,330,907,952,724,906,931,59,116,113,792,580,106,22,810,594,461,389,259,469,60,692
"HSP90B1",916,30,23,320,13,0,55,32,531,14,580,21,231,306,217,759,51,458,24,7,105,676,159,175,427,309,680,3,827,9,6,32,93,607,688,74,225,984,864,264,0,274,134,110,49,3,589,641,191,34,108,807,283,599,765,123,373,2
"CUL7",336,306,890,245,905,55,0,448,202,242,351,50,257,465,716,5,65,902,52,498,36,816,670,697,327,711,966,625,728,757,196,76,821,890,144,257,557,622,433,990,93,652,993,350,2,82,431,472,158,608,879,25,361,175,2,488,95,399
"WIPI1",114,622,921,475,182,32,448,0,20,654,474,526,308,19,631,660,185,955,265,181,60,766,21,481,896,647,370,32,530,60,9,399,954,765,169,52,992,915,965,873,465,167,799,425,70,34,534,970,485,461,985,320,213,321,353,733,27,873
"PLA2G4B",423,583,909,828,547,531,202,20,0,406,153,285,425,473,692,69,98,377,984,519,719,476,271,39,196,601,346,92,800,3,261,881,340,82,224,187,49,567,856,790,273,94,33,79,261,780,236,477,916,842,613,620,340,829,0,432,135,752
"TLN1",64,573,498,397,418,14,242,654,406,0,618,499,629,261,954,523,741,789,808,643,186,320,786,554,2,739,643,336,150,925,179,663,827,245,851,606,166,104,730,56,557,629,946,72,521,388,935,753,51,430,413,346,888,682,122,878,69,966
"KLHDC3",140,447,849,794,657,580,351,474,153,618,0,472,329,293,664,786,506,315,581,230,751,242,570,651,279,854,921,849,61,341,991,421,675,791,746,123,613,84,271,527,981,732,343,619,69,153,354,558,180,8,437,96,576,632,178,253,30,967
"SEC31A",983,62,33,209,131,21,50,526,285,499,472,0,646,507,769,193,248,216,14,204,303,526,346,323,0,237,850,296,562,699,131,3,77,950,854,17,515,985,343,432,34,956,581,958,19,60,172,953,926,19,34,788,232,932,39,216,48,123
"XBP1",303,409,194,635,985,231,257,308,425,629,329,646,0,179,941,332,53,560,282,253,584,21,697,501,180,500,89,735,166,3,367,353,975,3,469,443,486,206,206,519,261,254,742,92,765,227,942,998,502,229,588,887,603,199,115,920,331,48
"HERPUD1",355,824,191,772,178,306,465,19,473,261,293,507,179,0,811,639,78,648,567,484,397,197,467,821,480,955,585,201,829,999,42,734,268,501,425,122,701,436,424,797,407,928,369,64,300,178,819,642,759,37,620,878,887,416,826,467,102,444
"DCTN1",411,405,692,658,965,217,716,631,692,954,664,769,941,811,0,908,411,873,871,96,264,173,890,664,76,974,930,540,80,538,91,549,508,883,953,936,183,843,2,571,650,778,651,317,728,460,767,997,962,671,911,333,520,122,128,311,501,265
"SRPRB",892,129,3,783,300,759,5,660,69,523,786,193,332,639,908,0,492,49,659,119,287,469,316,833,50,502,677,573,691,742,762,438,11,300,61,506,844,870,601,150,421,677,668,665,979,420,500,436,831,402,101,150,982,254,347,193,538,952
"HSPA5",973,6,500,257,339,51,65,185,98,741,506,248,53,78,411,492,0,819,74,37,576,999,391,236,20,450,461,52,423,6,309,34,349,164,383,7,769,896,912,769,26,198,437,945,131,51,846,577,137,21,530,956,552,219,326,463,11,111
"DDX11",279,418,264,347,985,458,902,955,377,789,315,216,560,648,873,49,819,0,234,520,394,589,561,196,149,436,733,988,660,279,685,110,161,971,68,591,78,252,370,21,620,503,641,688,786,375,524,204,50,377,9,427,34,689,4,65,480,536
"TATDN2",535,14,340,427,938,24,52,265,984,808,581,14,282,567,871,659,74,234,0,25,123,484,13,62,28,624,991,69,954,741,24,109,80,495,259,379,81,810,781,254,10,629,429,487,5,61,480,641,312,28,25,398,441,658,122,17,100,164
"SYVN1",354,3,414,603,134,7,498,181,519,643,230,204,253,484,96,119,37,520,25,0,69,329,138,307,20,113,608,68,561,652,29,240,438,637,659,69,419,953,96,809,51,152,346,96,6,291,521,774,940,291,186,129,980,448,1,162,95,34
"DNAJB11",813,209,24,143,332,105,36,60,719,186,751,303,584,397,264,287,576,394,123,69,0,828,459,526,329,289,554,116,747,172,4,144,51,311,824,997,263,81,778,219,36,409,618,88,374,35,961,418,113,548,69,410,157,826,478,139,654,4
"EXTL1",976,943,642,354,735,676,816,766,476,320,242,526,21,197,173,469,999,589,484,329,828,0,55,599,454,788,999,314,160,53,929,157,924,611,566,451,290,857,7,682,807,632,420,106,298,573,678,968,63,88,581,129,926,109,469,791,304,900
"ATP6V0D1",37,176,237,424,287,159,670,21,271,786,570,346,697,467,890,316,391,561,13,138,459,55,0,315,466,139,832,317,291,444,310,130,388,720,410,232,98,872,162,312,659,836,216,102,293,779,650,245,106,607,214,515,375,485,866,203,357,881
"HDGF",451,36,106,262,398,175,697,481,39,554,651,323,501,821,664,833,236,196,62,307,526,599,315,0,125,519,588,480,762,662,493,117,67,612,691,38,844,718,667,245,328,678,923,936,61,957,485,535,706,481,21,719,55,576,11,105,304,568
"EXTL2",705,40,105,0,67,427,327,896,196,2,279,0,180,480,76,50,20,149,28,20,329,454,466,125,0,210,593,422,365,844,30,86,23,264,804,38,794,912,243,75,0,468,697,833,63,54,59,399,383,167,5,398,15,721,0,36,442,11
"CTDSP2",451,565,194,535,651,309,711,647,601,739,854,237,500,955,974,502,450,436,624,113,289,788,139,519,210,0,465,453,344,670,163,887,179,873,293,857,629,809,864,259,136,310,631,359,517,167,715,983,434,929,182,942,375,354,22,305,894,42
"DDIT3",991,222,941,328,955,680,966,370,346,643,921,850,89,585,930,677,461,733,991,608,554,999,832,588,593,465,0,427,597,654,347,626,871,10,960,813,956,831,440,942,669,735,408,440,405,885,894,592,776,621,878,988,375,359,98,761,187,497
"SHC1",34,620,168,139,75,3,625,32,92,336,849,296,735,201,540,573,52,988,69,68,116,314,317,480,422,453,427,0,844,51,760,114,327,823,923,51,825,441,712,629,452,298,266,145,58,40,465,669,423,90,844,272,113,245,455,600,60,398
"TSPYL2",538,301,357,110,806,827,728,530,800,150,61,562,166,829,80,691,423,660,954,561,747,160,291,762,365,344,597,844,0,549,902,892,869,512,774,171,998,345,2,722,422,197,187,334,249,964,625,765,775,767,577,83,293,531,444,765,245,206
"TPP1",135,962,265,449,668,9,757,60,3,925,341,699,3,999,538,742,6,279,741,652,172,53,444,662,844,670,654,51,549,0,31,945,385,339,22,191,513,545,261,181,89,464,68,52,1,335,783,534,573,205,59,93,341,525,804,735,0,549
"PDIA5",661,95,268,29,252,6,196,9,261,179,991,131,367,42,91,762,309,685,24,29,4,929,310,493,30,163,347,760,902,31,0,45,555,295,341,17,368,306,647,787,688,44,227,938,293,37,302,627,972,54,669,839,90,124,556,364,181,346
"EXTL3",377,11,219,886,771,32,76,399,881,663,421,3,353,734,549,438,34,110,109,240,144,157,130,117,86,887,626,114,892,945,45,0,202,744,524,258,30,635,605,144,4,600,255,252,9,76,269,280,269,235,66,605,135,727,6,12,190,13
"ARFGAP1",196,8,362,277,639,93,821,954,340,827,675,77,975,268,508,11,349,161,80,438,51,924,388,67,23,179,871,327,869,385,555,202,0,857,123,226,179,624,931,163,127,687,609,793,84,347,126,709,206,491,57,132,105,438,2,237,432,492
"DNAJB9",766,851,351,432,759,607,890,765,82,245,791,950,3,501,883,300,164,971,495,637,311,611,720,612,264,873,10,823,512,339,295,744,857,0,262,145,407,554,280,258,340,703,289,797,230,343,907,809,827,831,153,769,595,97,830,974,308,153
"SULT1A3",216,906,294,533,969,688,144,169,224,851,746,854,469,425,953,61,383,68,259,659,824,566,410,691,804,293,960,923,774,22,341,524,123,262,0,215,151,658,843,3,943,220,449,141,545,379,342,19,962,524,20,657,450,955,19,778,610,688
"DNAJC3",283,215,547,179,355,74,257,52,187,606,123,17,443,122,936,506,7,591,379,69,997,451,232,38,38,857,813,51,171,191,17,258,226,145,215,0,726,405,945,610,17,535,846,77,96,176,896,734,655,1,566,548,518,934,130,418,20,66
"SERP1",191,762,123,379,741,225,557,992,49,166,613,515,486,701,183,844,769,78,81,419,263,290,98,844,794,629,956,825,998,513,368,30,179,407,151,726,0,971,781,76,893,610,311,385,624,171,162,977,717,569,148,767,414,759,879,756,849,494
"IGFBP1",328,337,376,407,330,984,622,915,567,104,84,985,206,436,843,870,896,252,810,953,81,857,872,718,912,809,831,441,345,545,306,635,624,554,658,405,971,0,431,650,575,682,510,396,893,748,619,582,794,752,664,826,735,189,863,994,214,526
"YIF1A",553,135,231,26,907,864,433,965,856,730,271,343,206,424,2,601,912,370,781,96,778,7,162,667,243,864,440,712,2,261,647,605,931,280,843,945,781,431,0,800,814,71,32,576,205,172,688,388,995,966,755,253,1,889,947,138,969,548
"ZBTB17",430,46,62,419,952,264,990,873,790,56,527,432,519,797,571,150,769,21,254,809,219,682,312,245,75,259,942,629,722,181,787,144,163,258,3,610,76,650,800,0,967,864,663,583,773,525,160,170,448,861,45,687,51,868,4,194,673,478
"LMNA",590,1,513,127,724,0,93,465,273,557,981,34,261,407,650,421,26,620,10,51,36,807,659,328,0,136,669,452,422,89,688,4,127,340,943,17,893,575,814,967,0,929,217,365,1,10,919,351,8,51,171,293,93,61,20,152,0,26
"WFS1",548,925,213,846,906,274,652,167,94,629,732,956,254,928,778,677,198,503,629,152,409,632,836,678,468,310,735,298,197,464,44,600,687,703,220,535,610,682,71,864,929,0,325,354,48,944,233,795,539,973,905,779,822,450,149,845,10,737
"KDELR3",527,632,748,267,931,134,993,799,33,946,343,581,742,369,651,668,437,641,429,346,618,420,216,923,697,631,408,266,187,68,227,255,609,289,449,846,311,510,32,663,217,325,0,970,490,126,855,657,41,470,349,390,272,37,481,818,150,510
"CXCL8",56,478,225,690,59,110,350,425,79,72,619,958,92,64,317,665,945,688,487,96,88,106,102,936,833,359,440,145,334,52,938,252,793,797,141,77,385,396,576,583,365,354,970,0,319,207,474,552,943,168,752,527,764,728,302,791,274,631
"CALR",606,13,62,309,116,49,2,70,261,521,69,19,765,300,728,979,131,786,5,6,374,298,293,61,63,517,405,58,249,1,293,9,84,230,545,96,624,893,205,773,1,48,490,319,0,6,397,439,34,40,973,905,253,13,428,79,266,42
"HYOU1",618,0,84,626,113,3,82,34,780,388,153,60,227,178,460,420,51,375,61,291,35,573,779,957,54,167,885,40,964,335,37,76,347,343,379,176,171,748,172,525,10,944,126,207,6,0,544,972,643,459,4,267,390,290,105,31,369,1
"GSK3A",981,73,369,655,792,589,431,534,236,935,354,172,942,819,767,500,846,524,480,521,961,678,650,485,59,715,894,465,625,783,302,269,126,907,342,896,162,619,688,160,919,233,855,474,397,544,0,308,61,909,11,687,42,844,21,104,533,218
"ASNS",946,539,280,852,580,641,472,970,477,753,558,953,998,642,997,436,577,204,641,774,418,968,245,535,399,983,592,669,765,534,627,280,709,809,19,734,977,582,388,170,351,795,657,552,439,972,308,0,960,756,30,772,713,843,630,634,899,315
"PREB",998,597,127,686,106,191,158,485,916,51,180,926,502,759,962,831,137,50,312,940,113,63,106,706,383,434,776,423,775,573,972,269,206,827,962,655,717,794,995,448,8,539,41,943,34,643,61,960,0,743,131,272,462,646,646,957,854,291
"SSR1",363,222,72,460,22,34,608,461,842,430,8,19,229,37,671,402,21,377,28,291,548,88,607,481,167,929,621,90,767,205,54,235,491,831,524,1,569,752,966,861,51,973,470,168,40,459,909,756,743,0,569,282,669,230,158,953,47,401
"CXXC1",894,19,164,52,810,108,879,985,613,413,437,34,588,620,911,101,530,9,25,186,69,581,214,21,5,182,878,844,577,59,669,66,57,153,20,566,148,664,755,45,171,905,349,752,973,4,11,30,131,569,0,817,54,84,1,12,895,449
"MYDGF",505,786,53,394,594,807,25,320,620,346,96,788,887,878,333,150,956,427,398,129,410,129,515,719,398,942,988,272,83,93,839,605,132,769,657,548,767,826,253,687,293,779,390,527,905,267,687,772,272,282,817,0,960,138,215,696,652,647
"PPP2R5B",650,25,223,840,461,283,361,213,340,888,576,232,603,887,520,982,552,34,441,980,157,926,375,55,15,375,375,113,293,341,90,135,105,595,450,518,414,735,1,51,93,822,272,764,253,390,42,713,462,669,54,960,0,651,34,75,547,350
"GOSR2",699,650,110,240,389,599,175,321,829,682,632,932,199,416,122,254,219,689,658,448,826,109,485,576,721,354,359,245,531,525,124,727,438,97,955,934,759,189,889,868,61,450,37,728,13,290,844,843,646,230,84,138,651,0,696,870,468,159
"ATF4",163,58,0,26,259,765,2,353,0,122,178,39,115,826,128,347,326,4,122,1,478,469,866,11,0,22,98,455,444,804,556,6,2,830,19,130,879,863,947,4,20,149,481,302,428,105,21,630,646,158,1,215,34,696,0,101,913,602
"GFPT1",615,85,155,46,469,123,488,733,432,878,253,216,920,467,311,193,463,65,17,162,139,791,203,105,36,305,761,600,765,735,364,12,237,974,778,418,756,994,138,194,152,845,818,791,79,31,104,634,957,953,12,696,75,870,101,0,626,182
"PDIA6",514,32,99,287,60,373,95,27,135,69,30,48,331,102,501,538,11,480,100,95,654,304,357,304,442,894,187,60,245,0,181,190,432,308,610,20,849,214,969,673,0,10,150,274,266,369,533,899,854,47,895,652,547,468,913,626,0,3
"ATF3",936,37,503,400,692,2,399,873,752,966,967,123,48,444,265,952,111,536,164,34,4,900,881,568,11,42,497,398,206,549,346,13,492,153,688,66,494,526,548,478,26,737,510,631,42,1,218,315,291,401,449,647,350,159,602,182,3,0
