"","CCL2","FKBP14","ACADVL","ADD1","EDEM1","HSP90B1","CUL7","WIPI1","PLA2G4B","TLN1","KLHDC3","SEC31A","XBP1","HERPUD1","DCTN1","SRPRB","HSPA5","DDX11","TATDN2","SYVN1","DNAJB11","EXTL1","ATP6V0D1","HDGF","EXTL2","CTDSP2","DDIT3","SHC1","TSPYL2","TPP1","PDIA5","EXTL3","ARFGAP1","DNAJB9","SULT1A3","DNAJC3","SERP1","IGFBP1","YIF1A","ZBTB17","LMNA","WFS1","KDELR3","CXCL8","CALR","HYOU1","GSK3A","ASNS","PREB","SSR1","CXXC1","MYDGF","PPP2R5B","GOSR2","ATF4","GFPT1","PDIA6","ATF3"
"CCL2",0,4,463,166,837,4,379,707,14,72,129,73,421,188,270,157,2,11,789,1,588,88,549,774,174,19,439,19,67,3,11,251,94,275,919,0,636,201,261,684,981,0,5,764,83,0,11,113,38,34,1,34,766,47,293,372,1,795
"FKBP14",4,0,748,150,438,388,955,723,292,108,241,0,542,869,870,358,362,726,829,510,123,172,728,894,640,67,128,505,140,882,193,609,494,55,158,8,201,160,870,839,242,58,888,529,452,114,66,664,975,772,581,556,472,17,304,229,286,489
"ACADVL",463,748,0,39,458,423,52,964,217,419,260,99,817,761,364,328,53,4,193,158,399,107,878,3,16,631,33,693,723,462,168,211,3,424,360,965,476,631,240,2,323,724,513,966,917,138,0,107,17,927,735,186,95,631,19,338,314,973
"ADD1",166,150,39,0,431,2,78,38,642,2,3,689,767,239,249,259,1,2,81,953,0,343,460,17,8,108,0,120,1,143,0,113,447,263,2,172,999,681,857,600,947,890,57,173,328,23,67,84,1,680,937,145,979,358,0,598,8,44
"EDEM1",837,438,458,431,0,777,499,3,717,834,43,927,460,905,663,204,531,292,995,134,827,290,937,693,456,856,226,963,442,179,667,565,678,698,971,55,999,10,784,753,674,539,282,148,128,993,845,526,565,147,771,694,820,483,326,622,420,847
"HSP90B1",4,388,423,2,777,0,104,701,794,0,87,162,508,381,221,77,12,30,291,87,201,856,745,68,23,554,13,163,489,54,49,388,25,335,72,457,592,783,112,116,904,956,734,970,353,732,125,189,20,866,273,11,53,70,26,637,181,204
"CUL7",379,955,52,78,499,104,0,398,707,631,182,706,379,486,951,416,305,367,881,562,141,261,320,846,341,431,327,93,104,684,932,525,116,399,11,719,563,234,667,699,287,400,578,283,475,104,88,591,58,784,610,725,864,951,237,596,346,682
"WIPI1",707,723,964,38,3,701,398,0,94,121,13,741,648,977,853,347,691,31,10,611,889,262,1,89,926,264,276,326,93,962,592,1000,210,805,646,516,972,283,440,204,221,519,655,84,463,676,590,13,555,919,10,804,778,440,53,60,825,376
"PLA2G4B",14,292,217,642,717,794,707,94,0,882,635,983,143,323,718,522,762,500,838,939,797,124,149,286,201,43,736,229,392,297,636,684,478,181,149,118,242,253,209,37,842,56,39,617,755,183,457,788,509,665,29,426,712,505,476,21,955,257
"TLN1",72,108,419,2,834,0,631,121,882,0,15,903,842,317,15,51,1,845,469,272,1,966,442,834,549,624,112,737,243,35,0,900,21,446,8,439,940,699,111,328,828,23,229,484,4,0,648,896,2,847,876,1,652,467,245,678,0,940
"KLHDC3",129,241,260,3,43,87,182,13,635,15,0,8,45,12,733,5,119,2,0,0,7,90,379,3,1,0,0,682,0,32,153,506,60,0,67,37,681,849,803,459,200,22,622,937,819,260,0,41,0,938,195,676,13,12,0,147,21,205
"SEC31A",73,0,99,689,927,162,706,741,983,903,8,0,762,253,53,4,130,214,812,553,1,214,542,62,17,182,179,913,84,423,6,171,105,759,22,143,118,917,286,647,672,274,52,469,9,188,655,276,58,17,952,85,310,5,75,76,57,247
"XBP1",421,542,817,767,460,508,379,648,143,842,45,762,0,4,287,342,412,594,572,0,730,431,158,297,406,189,144,270,14,54,199,490,842,204,333,532,188,68,613,794,10,312,971,567,858,414,618,661,914,935,308,333,640,549,11,603,374,39
"HERPUD1",188,869,761,239,905,381,486,977,323,317,12,253,4,0,557,664,0,750,619,8,501,263,30,49,733,783,74,53,95,873,202,507,531,190,189,291,32,34,723,750,9,518,918,845,276,354,452,198,563,440,110,566,587,13,26,43,157,124
"DCTN1",270,870,364,249,663,221,951,853,718,15,733,53,287,557,0,267,85,7,664,997,55,959,892,150,855,298,7,289,578,134,72,383,724,216,514,730,593,631,117,504,882,655,696,500,902,483,16,729,639,364,469,253,24,67,2,957,660,112
"SRPRB",157,358,328,259,204,77,416,347,522,51,5,4,342,664,267,0,148,131,24,8,0,748,762,13,59,300,599,566,47,726,83,291,444,695,0,312,246,90,553,2,138,68,966,1000,7,68,120,938,27,407,456,74,31,757,819,750,50,905
"HSPA5",2,362,53,1,531,12,305,691,762,1,119,130,412,0,85,148,0,244,251,794,97,304,956,84,331,126,402,12,835,4,15,33,228,641,19,710,619,425,481,561,934,865,309,504,5,59,152,991,352,656,212,192,42,55,981,694,29,392
"DDX11",11,726,4,2,292,30,367,31,500,845,2,214,594,750,7,131,244,0,203,0,4,248,175,15,159,441,16,510,307,827,351,415,0,988,1,815,592,577,0,0,122,748,910,777,17,475,91,89,0,818,23,35,7,621,1,215,346,773
"TATDN2",789,829,193,81,995,291,881,10,838,469,0,812,572,619,664,24,251,203,0,116,74,433,890,108,537,836,272,356,113,735,985,479,114,139,41,530,659,136,291,368,555,503,93,845,71,919,405,80,5,809,452,152,960,530,135,402,460,805
"SYVN1",1,510,158,953,134,87,562,611,939,272,0,553,0,8,997,8,794,0,116,0,0,308,33,216,195,29,43,5,0,662,89,588,817,207,0,841,120,89,121,675,220,23,516,599,628,139,592,0,0,311,932,544,14,573,134,482,21,614
"DNAJB11",588,123,399,0,827,201,141,889,797,1,7,1,730,501,55,0,97,4,74,0,0,763,850,1,5,364,7,151,131,29,69,149,3,380,42,534,530,848,98,1,762,297,496,682,136,867,2,118,0,663,134,63,0,114,61,788,146,823
"EXTL1",88,172,107,343,290,856,261,262,124,966,90,214,431,263,959,748,304,248,433,308,763,0,538,668,114,437,889,834,655,109,510,374,388,26,820,164,626,998,608,983,81,64,15,734,506,490,286,789,328,480,0,780,394,66,359,684,171,322
"ATP6V0D1",549,728,878,460,937,745,320,1,149,442,379,542,158,30,892,762,956,175,890,33,850,538,0,885,813,333,168,428,742,507,379,474,22,494,774,834,118,900,24,58,969,507,597,476,216,985,57,282,852,896,417,875,923,454,40,41,63,288
"HDGF",774,894,3,17,693,68,846,89,286,834,3,62,297,49,150,13,84,15,108,216,1,668,885,0,438,681,85,72,63,686,109,415,87,341,17,406,92,170,320,9,407,818,465,869,32,332,0,303,29,928,43,252,25,139,18,275,177,275
"EXTL2",174,640,16,8,456,23,341,926,201,549,1,17,406,733,855,59,331,159,537,195,5,114,813,438,0,109,7,59,23,954,10,624,76,287,66,548,346,206,465,429,166,25,692,855,193,329,38,81,171,548,93,371,672,79,36,758,171,465
"CTDSP2",19,67,631,108,856,554,431,264,43,624,0,182,189,783,298,300,126,441,836,29,364,437,333,681,109,0,395,245,262,104,310,908,458,319,211,24,898,102,169,470,659,51,617,374,25,55,386,673,174,162,69,160,465,790,559,370,106,156
"DDIT3",439,128,33,0,226,13,327,276,736,112,0,179,144,74,7,599,402,16,272,43,7,889,168,85,7,395,0,904,826,408,35,129,0,471,46,135,826,904,39,0,576,800,678,813,40,790,0,628,0,628,16,33,11,502,5,59,207,253
"SHC1",19,505,693,120,963,163,93,326,229,737,682,913,270,53,289,566,12,510,356,5,151,834,428,72,59,245,904,0,352,694,279,929,716,114,812,634,536,218,583,809,772,669,607,75,3,85,456,112,907,648,733,40,726,81,812,428,51,584
"TSPYL2",67,140,723,1,442,489,104,93,392,243,0,84,14,95,578,47,835,307,113,0,131,655,742,63,23,262,826,352,0,604,285,905,32,91,35,836,848,211,51,12,198,92,975,930,433,856,26,806,0,224,866,504,39,861,846,398,379,779
"TPP1",3,882,462,143,179,54,684,962,297,35,32,423,54,873,134,726,4,827,735,662,29,109,507,686,954,104,408,694,604,0,54,668,611,308,179,24,802,33,677,367,680,257,95,172,31,3,809,837,327,808,182,12,743,574,332,434,80,59
"PDIA5",11,193,168,0,667,49,932,592,636,0,153,6,199,202,72,83,15,351,985,89,69,510,379,109,10,310,35,279,285,54,0,119,1,683,22,192,601,790,34,24,85,185,931,689,9,87,69,603,22,766,619,6,7,142,700,612,66,354
"EXTL3",251,609,211,113,565,388,525,1000,684,900,506,171,490,507,383,291,33,415,479,588,149,374,474,415,624,908,129,929,905,668,119,0,851,948,842,27,469,164,554,746,639,129,792,734,388,10,771,415,704,326,808,751,693,996,286,134,194,229
"ARFGAP1",94,494,3,447,678,25,116,210,478,21,60,105,842,531,724,444,228,0,114,817,3,388,22,87,76,458,0,716,32,611,1,851,0,55,5,448,827,655,442,180,793,580,332,440,396,227,0,2,35,582,312,14,395,618,0,907,62,12
"DNAJB9",275,55,424,263,698,335,399,805,181,446,0,759,204,190,216,695,641,988,139,207,380,26,494,341,287,319,471,114,91,308,683,948,55,0,142,956,990,197,569,913,2,87,139,945,194,914,959,201,674,619,187,911,630,620,242,389,495,13
"SULT1A3",919,158,360,2,971,72,11,646,149,8,67,22,333,189,514,0,19,1,41,0,42,820,774,17,66,211,46,812,35,179,22,842,5,142,0,234,926,838,15,0,688,623,494,974,799,250,0,102,0,643,417,239,3,58,0,488,395,695
"DNAJC3",0,8,965,172,55,457,719,516,118,439,37,143,532,291,730,312,710,815,530,841,534,164,834,406,548,24,135,634,836,24,192,27,448,956,234,0,340,133,843,283,332,723,548,59,232,66,612,312,715,274,353,601,961,204,242,478,640,683
"SERP1",636,201,476,999,999,592,563,972,242,940,681,118,188,32,593,246,619,592,659,120,530,626,118,92,346,898,826,536,848,802,601,469,827,990,926,340,0,497,670,158,166,518,786,522,312,924,635,624,911,57,917,913,0,224,567,876,170,275
"IGFBP1",201,160,631,681,10,783,234,283,253,699,849,917,68,34,631,90,425,577,136,89,848,998,900,170,206,102,904,218,211,33,790,164,655,197,838,133,497,0,813,125,475,726,440,760,662,294,239,88,813,219,246,910,212,319,551,23,543,615
"YIF1A",261,870,240,857,784,112,667,440,209,111,803,286,613,723,117,553,481,0,291,121,98,608,24,320,465,169,39,583,51,677,34,554,442,569,15,843,670,813,0,563,655,594,751,613,923,288,47,167,319,832,948,253,79,314,61,238,114,950
"ZBTB17",684,839,2,600,753,116,699,204,37,328,459,647,794,750,504,2,561,0,368,675,1,983,58,9,429,470,0,809,12,367,24,746,180,913,0,283,158,125,563,0,453,853,995,248,326,572,13,1,6,38,23,511,601,724,0,458,83,589
"LMNA",981,242,323,947,674,904,287,221,842,828,200,672,10,9,882,138,934,122,555,220,762,81,969,407,166,659,576,772,198,680,85,639,793,2,688,332,166,475,655,453,0,413,329,282,965,682,43,252,570,688,290,872,818,375,259,803,727,174
"WFS1",0,58,724,890,539,956,400,519,56,23,22,274,312,518,655,68,865,748,503,23,297,64,507,818,25,51,800,669,92,257,185,129,580,87,623,723,518,726,594,853,413,0,28,162,919,519,346,903,619,883,449,756,11,645,614,704,279,999
"KDELR3",5,888,513,57,282,734,578,655,39,229,622,52,971,918,696,966,309,910,93,516,496,15,597,465,692,617,678,607,975,95,931,792,332,139,494,548,786,440,751,995,329,28,0,397,512,146,154,413,228,576,75,613,326,48,505,489,969,615
"CXCL8",764,529,966,173,148,970,283,84,617,484,937,469,567,845,500,1000,504,777,845,599,682,734,476,869,855,374,813,75,930,172,689,734,440,945,974,59,522,760,613,248,282,162,397,0,898,606,204,178,785,56,717,741,714,780,252,400,476,360
"CALR",83,452,917,328,128,353,475,463,755,4,819,9,858,276,902,7,5,17,71,628,136,506,216,32,193,25,40,3,433,31,9,388,396,194,799,232,312,662,923,326,965,919,512,898,0,459,120,433,867,594,798,560,63,21,32,186,46,71
"HYOU1",0,114,138,23,993,732,104,676,183,0,260,188,414,354,483,68,59,475,919,139,867,490,985,332,329,55,790,85,856,3,87,10,227,914,250,66,924,294,288,572,682,519,146,606,459,0,57,764,879,733,941,180,117,340,509,862,676,115
"GSK3A",11,66,0,67,845,125,88,590,457,648,0,655,618,452,16,120,152,91,405,592,2,286,57,0,38,386,0,456,26,809,69,771,0,959,0,612,635,239,47,13,43,346,154,204,120,57,0,11,0,959,76,26,202,90,0,892,44,128
"ASNS",113,664,107,84,526,189,591,13,788,896,41,276,661,198,729,938,991,89,80,0,118,789,282,303,81,673,628,112,806,837,603,415,2,201,102,312,624,88,167,1,252,903,413,178,433,764,11,0,260,490,11,848,2,569,831,176,595,212
"PREB",38,975,17,1,565,20,58,555,509,2,0,58,914,563,639,27,352,0,5,0,0,328,852,29,171,174,0,907,0,327,22,704,35,674,0,715,911,813,319,6,570,619,228,785,867,879,0,260,0,214,23,99,9,974,8,325,329,208
"SSR1",34,772,927,680,147,866,784,919,665,847,938,17,935,440,364,407,656,818,809,311,663,480,896,928,548,162,628,648,224,808,766,326,582,619,643,274,57,219,832,38,688,883,576,56,594,733,959,490,214,0,733,964,413,312,893,68,758,317
"CXXC1",1,581,735,937,771,273,610,10,29,876,195,952,308,110,469,456,212,23,452,932,134,0,417,43,93,69,16,733,866,182,619,808,312,187,417,353,917,246,948,23,290,449,75,717,798,941,76,11,23,733,0,453,930,387,120,269,665,915
"MYDGF",34,556,186,145,694,11,725,804,426,1,676,85,333,566,253,74,192,35,152,544,63,780,875,252,371,160,33,40,504,12,6,751,14,911,239,601,913,910,253,511,872,756,613,741,560,180,26,848,99,964,453,0,442,44,70,995,103,758
"PPP2R5B",766,472,95,979,820,53,864,778,712,652,13,310,640,587,24,31,42,7,960,14,0,394,923,25,672,465,11,726,39,743,7,693,395,630,3,961,0,212,79,601,818,11,326,714,63,117,202,2,9,413,930,442,0,90,0,743,0,754
"GOSR2",47,17,631,358,483,70,951,440,505,467,12,5,549,13,67,757,55,621,530,573,114,66,454,139,79,790,502,81,861,574,142,996,618,620,58,204,224,319,314,724,375,645,48,780,21,340,90,569,974,312,387,44,90,0,170,777,33,274
"ATF4",293,304,19,0,326,26,237,53,476,245,0,75,11,26,2,819,981,1,135,134,61,359,40,18,36,559,5,812,846,332,700,286,0,242,0,242,567,551,61,0,259,614,505,252,32,509,0,831,8,893,120,70,0,170,0,74,219,909
"GFPT1",372,229,338,598,622,637,596,60,21,678,147,76,603,43,957,750,694,215,402,482,788,684,41,275,758,370,59,428,398,434,612,134,907,389,488,478,876,23,238,458,803,704,489,400,186,862,892,176,325,68,269,995,743,777,74,0,623,650
"PDIA6",1,286,314,8,420,181,346,825,955,0,21,57,374,157,660,50,29,346,460,21,146,171,63,177,171,106,207,51,379,80,66,194,62,495,395,640,170,543,114,83,727,279,969,476,46,676,44,595,329,758,665,103,0,33,219,623,0,107
"ATF3",795,489,973,44,847,204,682,376,257,940,205,247,39,124,112,905,392,773,805,614,823,322,288,275,465,156,253,584,779,59,354,229,12,13,695,683,275,615,950,589,174,999,615,360,71,115,128,212,208,317,915,758,754,274,909,650,107,0
