"","CCL2","FKBP14","ACADVL","ADD1","EDEM1","HSP90B1","CUL7","WIPI1","PLA2G4B","TLN1","KLHDC3","SEC31A","XBP1","HERPUD1","DCTN1","SRPRB","HSPA5","DDX11","TATDN2","SYVN1","DNAJB11","EXTL1","ATP6V0D1","HDGF","EXTL2","CTDSP2","DDIT3","SHC1","TSPYL2","TPP1","PDIA5","EXTL3","ARFGAP1","DNAJB9","SULT1A3","DNAJC3","SERP1","IGFBP1","YIF1A","ZBTB17","LMNA","WFS1","KDELR3","CXCL8","CALR","HYOU1","GSK3A","ASNS","PREB","SSR1","CXXC1","MYDGF","PPP2R5B","GOSR2","ATF4","GFPT1","PDIA6","ATF3"
"CCL2",0,969,186,963,252,41,4,340,450,536,999,17,130,824,434,730,91,7,20,42,634,550,406,172,903,5,12,7,26,366,68,36,0,575,95,52,855,13,599,283,23,333,204,390,729,10,65,650,994,213,491,912,840,56,373,292,35,1
"FKBP14",969,0,726,5,487,724,732,595,46,564,487,629,423,518,36,909,331,612,477,333,493,572,391,701,929,531,79,79,87,54,199,245,19,505,789,983,474,737,41,305,24,0,324,565,283,681,338,131,958,254,137,2,229,90,711,485,392,408
"ACADVL",186,726,0,613,188,263,995,944,56,608,150,573,292,67,367,436,558,283,695,393,609,817,780,867,219,731,246,454,582,640,640,989,46,457,917,335,924,363,654,332,398,179,165,13,100,877,837,28,271,264,28,12,389,792,296,889,403,784
"ADD1",963,5,613,0,717,902,64,595,397,0,0,21,952,630,155,448,839,95,1,429,111,24,491,199,13,153,171,310,37,1,818,221,25,217,402,620,882,509,186,10,26,707,751,915,862,958,7,824,673,37,3,855,9,159,739,977,830,15
"EDEM1",252,487,188,717,0,106,7,202,10,83,324,18,849,541,154,737,740,180,447,329,828,986,90,390,462,745,360,619,382,0,966,670,849,107,767,675,937,989,466,510,987,395,380,676,536,496,329,890,366,63,585,428,222,372,549,6,688,6
"HSP90B1",41,724,263,902,106,0,39,248,675,696,820,274,200,33,730,27,11,271,979,3,0,648,14,84,154,924,975,428,806,771,614,791,667,10,958,2,159,826,420,372,315,390,33,718,251,1,653,904,327,70,356,19,15,239,91,13,1,655
"CUL7",4,732,995,64,7,39,0,275,33,921,331,961,259,192,12,322,24,359,524,65,7,878,233,394,750,524,444,929,703,483,88,142,15,25,163,342,427,610,1,285,38,35,42,116,0,112,663,608,556,246,17,4,977,414,202,253,116,15
"WIPI1",340,595,944,595,202,248,275,0,721,776,918,641,613,499,720,602,951,434,254,831,377,756,365,183,184,742,733,681,57,116,230,268,803,197,292,938,409,769,448,865,912,97,731,515,11,991,707,736,987,854,1000,294,543,991,473,948,602,428
"PLA2G4B",450,46,56,397,10,675,33,721,0,12,271,124,262,258,705,829,17,885,68,196,808,330,336,42,69,223,985,334,653,166,284,201,586,180,991,40,307,411,589,174,266,840,629,99,327,115,505,390,799,12,214,998,68,1,386,48,130,327
"TLN1",536,564,608,0,83,696,921,776,12,0,35,487,550,60,6,354,11,907,41,986,290,136,307,224,900,239,76,981,873,297,72,796,32,21,268,71,79,493,0,8,1,1,0,656,220,989,710,256,354,736,37,11,123,574,22,106,689,77
"KLHDC3",999,487,150,0,324,820,331,918,271,35,0,306,3,347,0,457,567,345,519,68,335,29,615,952,679,847,812,347,500,321,934,265,48,343,131,949,627,556,112,85,31,159,89,347,370,135,3,652,627,798,1,84,70,838,939,23,799,293
"SEC31A",17,629,573,21,18,274,961,641,124,487,306,0,710,64,7,39,981,280,275,534,77,600,756,959,434,180,788,908,785,448,28,864,80,52,332,633,845,732,2,210,50,8,288,121,86,567,682,268,776,139,46,7,858,908,205,267,292,87
"XBP1",130,423,292,952,849,200,259,613,262,550,3,710,0,568,772,624,349,733,332,880,999,975,109,538,420,348,22,350,88,139,553,819,958,727,95,989,658,322,507,908,540,888,790,261,373,819,865,888,67,225,575,98,793,383,415,775,894,791
"HERPUD1",824,518,67,630,541,33,192,499,258,60,347,64,568,0,689,382,458,394,924,555,584,28,444,183,764,324,583,423,840,241,294,397,219,631,886,710,224,797,479,627,677,93,359,995,37,452,214,286,234,66,759,846,611,902,699,980,802,43
"DCTN1",434,36,367,155,154,730,12,720,705,6,0,7,772,689,0,17,246,542,22,0,59,175,572,928,149,107,94,400,539,0,260,639,79,873,652,111,352,732,167,142,105,577,183,213,115,21,38,894,794,2,96,166,3,28,528,39,361,7
"SRPRB",730,909,436,448,737,27,322,602,829,354,457,39,624,382,17,0,848,60,970,756,245,203,115,998,803,178,729,395,643,276,439,569,372,132,191,649,519,950,319,615,746,79,24,439,308,376,345,539,48,339,754,19,664,783,52,186,6,199
"HSPA5",91,331,558,839,740,11,24,951,17,11,567,981,349,458,246,848,0,253,224,30,66,235,79,456,368,658,483,301,545,275,568,531,568,426,559,305,970,941,133,696,603,357,24,806,120,561,246,894,4,603,647,164,797,929,522,387,112,177
"DDX11",7,612,283,95,180,271,359,434,885,907,345,280,733,394,542,60,253,0,227,0,30,414,138,704,327,845,712,665,209,297,428,369,222,491,459,23,13,124,0,877,81,30,85,162,463,30,978,358,292,63,602,0,235,33,842,226,139,457
"TATDN2",20,477,695,1,447,979,524,254,68,41,519,275,332,924,22,970,224,227,0,136,492,197,159,65,312,170,340,21,150,112,924,151,6,730,424,736,675,165,76,277,12,0,344,196,535,957,226,593,241,252,72,0,8,188,771,971,334,389
"SYVN1",42,333,393,429,329,3,65,831,196,986,68,534,880,555,0,756,30,0,136,0,182,761,566,2,285,36,942,502,699,240,696,57,2,253,896,75,51,33,349,792,126,61,834,152,141,619,9,616,839,41,4,6,482,63,25,666,38,0
"DNAJB11",634,493,609,111,828,0,7,377,808,290,335,77,999,584,59,245,66,30,492,182,0,930,5,350,585,594,88,497,646,206,315,660,60,804,140,94,819,242,211,808,241,14,99,142,121,3,29,219,392,17,27,0,17,102,1,11,19,364
"EXTL1",550,572,817,24,986,648,878,756,330,136,29,600,975,28,175,203,235,414,197,761,930,0,9,455,37,349,438,53,15,22,574,108,388,52,765,991,938,240,984,798,11,1,769,203,721,392,871,138,969,580,998,781,741,983,830,881,725,837
"ATP6V0D1",406,391,780,491,90,14,233,365,336,307,615,756,109,444,572,115,79,138,159,566,5,9,0,862,153,859,929,396,232,226,330,6,0,272,784,829,502,657,40,904,828,7,124,449,15,97,5,24,994,855,387,0,38,183,58,359,19,577
"HDGF",172,701,867,199,390,84,394,183,42,224,952,959,538,183,928,998,456,704,65,2,350,455,862,0,674,868,844,361,753,288,505,976,359,966,906,747,953,127,1,379,690,34,817,895,18,262,964,720,979,439,660,0,881,987,678,218,264,380
"EXTL2",903,929,219,13,462,154,750,184,69,900,679,434,420,764,149,803,368,327,312,285,585,37,153,674,0,70,269,9,12,668,269,136,39,588,873,104,323,479,158,513,29,1,277,288,64,296,130,165,692,464,532,0,371,183,655,371,217,29
"CTDSP2",5,531,731,153,745,924,524,742,223,239,847,180,348,324,107,178,658,845,170,36,594,349,859,868,70,0,958,142,755,623,77,621,474,218,979,735,446,169,0,306,143,3,276,73,345,501,347,620,976,650,514,14,492,556,712,965,925,310
"DDIT3",12,79,246,171,360,975,444,733,985,76,812,788,22,583,94,729,483,712,340,942,88,438,929,844,269,958,0,482,169,186,924,406,671,638,565,537,271,243,194,997,150,175,416,75,255,550,120,432,559,912,825,773,134,788,358,199,507,88
"SHC1",7,79,454,310,619,428,929,681,334,981,347,908,350,423,400,395,301,665,21,502,497,53,396,361,9,142,482,0,879,3,217,670,399,23,767,855,616,374,22,313,185,103,469,2,904,969,954,918,733,871,522,302,655,978,842,60,234,517
"TSPYL2",26,87,582,37,382,806,703,57,653,873,500,785,88,840,539,643,545,209,150,699,646,15,232,753,12,755,169,879,0,117,511,525,432,431,745,998,543,901,321,528,90,393,253,310,830,526,382,175,609,909,33,779,10,709,754,292,959,659
"TPP1",366,54,640,1,0,771,483,116,166,297,321,448,139,241,0,276,275,297,112,240,206,22,226,288,668,623,186,3,117,0,35,5,0,4,800,634,841,628,199,69,0,0,329,879,72,1000,0,53,549,849,46,0,96,948,389,502,562,27
"PDIA5",68,199,640,818,966,614,88,230,284,72,934,28,553,294,260,439,568,428,924,696,315,574,330,505,269,77,924,217,511,35,0,11,362,763,119,420,625,13,203,735,861,617,258,533,918,474,416,454,911,108,1000,725,93,153,598,26,279,344
"EXTL3",36,245,989,221,670,791,142,268,201,796,265,864,819,397,639,569,531,369,151,57,660,108,6,976,136,621,406,670,525,5,11,0,129,927,240,84,949,298,14,583,130,0,608,5,176,749,995,500,291,302,875,13,87,92,626,940,153,496
"ARFGAP1",0,19,46,25,849,667,15,803,586,32,48,80,958,219,79,372,568,222,6,2,60,388,0,359,39,474,671,399,432,0,362,129,0,880,736,2,184,612,26,240,34,43,286,526,188,183,84,157,684,42,37,20,2,19,202,129,91,790
"DNAJB9",575,505,457,217,107,10,25,197,180,21,343,52,727,631,873,132,426,491,730,253,804,52,272,966,588,218,638,23,431,4,763,927,880,0,765,918,955,298,847,705,260,947,89,188,609,582,323,831,970,51,647,730,121,262,710,145,165,2
"SULT1A3",95,789,917,402,767,958,163,292,991,268,131,332,95,886,652,191,559,459,424,896,140,765,784,906,873,979,565,767,745,800,119,240,736,765,0,581,811,139,369,772,806,858,380,452,45,95,757,691,377,331,712,373,510,352,472,340,363,377
"DNAJC3",52,983,335,620,675,2,342,938,40,71,949,633,989,710,111,649,305,23,736,75,94,991,829,747,104,735,537,855,998,634,420,84,2,918,581,0,490,620,29,263,164,0,66,359,22,539,823,89,507,822,91,4,680,519,351,364,233,53
"SERP1",855,474,924,882,937,159,427,409,307,79,627,845,658,224,352,519,970,13,675,51,819,938,502,953,323,446,271,616,543,841,625,949,184,955,811,490,0,713,14,248,729,7,332,988,174,979,610,457,62,754,281,58,697,181,692,355,92,178
"IGFBP1",13,737,363,509,989,826,610,769,411,493,556,732,322,797,732,950,941,124,165,33,242,240,657,127,479,169,243,374,901,628,13,298,612,298,139,620,713,0,14,641,910,797,513,116,605,361,779,614,676,929,711,465,201,769,435,670,531,888
"YIF1A",599,41,654,186,466,420,1,448,589,0,112,2,507,479,167,319,133,0,76,349,211,984,40,1,158,0,194,22,321,199,203,14,26,847,369,29,14,14,0,522,133,200,376,62,623,544,0,819,748,3,119,76,123,15,21,14,45,408
"ZBTB17",283,305,332,10,510,372,285,865,174,8,85,210,908,627,142,615,696,877,277,792,808,798,904,379,513,306,997,313,528,69,735,583,240,705,772,263,248,641,522,0,43,565,684,81,679,816,77,513,898,449,279,120,14,386,533,577,970,59
"LMNA",23,24,398,26,987,315,38,912,266,1,31,50,540,677,105,746,603,81,12,126,241,11,828,690,29,143,150,185,90,0,861,130,34,260,806,164,729,910,133,43,0,12,317,517,471,218,1,272,813,423,65,136,15,639,342,459,280,64
"WFS1",333,0,179,707,395,390,35,97,840,1,159,8,888,93,577,79,357,30,0,61,14,1,7,34,1,3,175,103,393,0,617,0,43,947,858,0,7,797,200,565,12,0,321,952,572,689,1,359,655,4,43,115,1,5,828,76,25,72
"KDELR3",204,324,165,751,380,33,42,731,629,0,89,288,790,359,183,24,24,85,344,834,99,769,124,817,277,276,416,469,253,329,258,608,286,89,380,66,332,513,376,684,317,321,0,825,305,137,137,459,415,137,317,84,582,84,1,613,24,805
"CXCL8",390,565,13,915,676,718,116,515,99,656,347,121,261,995,213,439,806,162,196,152,142,203,449,895,288,73,75,2,310,879,533,5,526,188,452,359,988,116,62,81,517,952,825,0,969,476,36,665,792,878,606,144,111,906,96,48,370,1
"CALR",729,283,100,862,536,251,0,11,327,220,370,86,373,37,115,308,120,463,535,141,121,721,15,18,64,345,255,904,830,72,918,176,188,609,45,22,174,605,623,679,471,572,305,969,0,170,99,840,737,53,150,447,7,168,343,90,29,839
"HYOU1",10,681,877,958,496,1,112,991,115,989,135,567,819,452,21,376,561,30,957,619,3,392,97,262,296,501,550,969,526,1000,474,749,183,582,95,539,979,361,544,816,218,689,137,476,170,0,404,757,333,80,155,9,878,452,38,35,2,179
"GSK3A",65,338,837,7,329,653,663,707,505,710,3,682,865,214,38,345,246,978,226,9,29,871,5,964,130,347,120,954,382,0,416,995,84,323,757,823,610,779,0,77,1,1,137,36,99,404,0,354,777,289,49,1,17,265,687,855,447,581
"ASNS",650,131,28,824,890,904,608,736,390,256,652,268,888,286,894,539,894,358,593,616,219,138,24,720,165,620,432,918,175,53,454,500,157,831,691,89,457,614,819,513,272,359,459,665,840,757,354,0,745,244,283,849,71,343,250,94,669,42
"PREB",994,958,271,673,366,327,556,987,799,354,627,776,67,234,794,48,4,292,241,839,392,969,994,979,692,976,559,733,609,549,911,291,684,970,377,507,62,676,748,898,813,655,415,792,737,333,777,745,0,143,473,408,108,396,108,114,32,295
"SSR1",213,254,264,37,63,70,246,854,12,736,798,139,225,66,2,339,603,63,252,41,17,580,855,439,464,650,912,871,909,849,108,302,42,51,331,822,754,929,3,449,423,4,137,878,53,80,289,244,143,0,48,6,272,626,192,547,278,7
"CXXC1",491,137,28,3,585,356,17,1000,214,37,1,46,575,759,96,754,647,602,72,4,27,998,387,660,532,514,825,522,33,46,1000,875,37,647,712,91,281,711,119,279,65,43,317,606,150,155,49,283,473,48,0,1,38,195,278,133,418,401
"MYDGF",912,2,12,855,428,19,4,294,998,11,84,7,98,846,166,19,164,0,0,6,0,781,0,0,0,14,773,302,779,0,725,13,20,730,373,4,58,465,76,120,136,115,84,144,447,9,1,849,408,6,1,0,0,11,113,35,0,837
"PPP2R5B",840,229,389,9,222,15,977,543,68,123,70,858,793,611,3,664,797,235,8,482,17,741,38,881,371,492,134,655,10,96,93,87,2,121,510,680,697,201,123,14,15,1,582,111,7,878,17,71,108,272,38,0,0,429,286,779,129,334
"GOSR2",56,90,792,159,372,239,414,991,1,574,838,908,383,902,28,783,929,33,188,63,102,983,183,987,183,556,788,978,709,948,153,92,19,262,352,519,181,769,15,386,639,5,84,906,168,452,265,343,396,626,195,11,429,0,714,580,138,32
"ATF4",373,711,296,739,549,91,202,473,386,22,939,205,415,699,528,52,522,842,771,25,1,830,58,678,655,712,358,842,754,389,598,626,202,710,472,351,692,435,21,533,342,828,1,96,343,38,687,250,108,192,278,113,286,714,0,15,118,259
"GFPT1",292,485,889,977,6,13,253,948,48,106,23,267,775,980,39,186,387,226,971,666,11,881,359,218,371,965,199,60,292,502,26,940,129,145,340,364,355,670,14,577,459,76,613,48,90,35,855,94,114,547,133,35,779,580,15,0,164,321
"PDIA6",35,392,403,830,688,1,116,602,130,689,799,292,894,802,361,6,112,139,334,38,19,725,19,264,217,925,507,234,959,562,279,153,91,165,363,233,92,531,45,970,280,25,24,370,29,2,447,669,32,278,418,0,129,138,118,164,0,426
"ATF3",1,408,784,15,6,655,15,428,327,77,293,87,791,43,7,199,177,457,389,0,364,837,577,380,29,310,88,517,659,27,344,496,790,2,377,53,178,888,408,59,64,72,805,1,839,179,581,42,295,7,401,837,334,32,259,321,426,0
