"","CCL2","FKBP14","ACADVL","ADD1","EDEM1","HSP90B1","CUL7","WIPI1","PLA2G4B","TLN1","KLHDC3","SEC31A","XBP1","HERPUD1","DCTN1","SRPRB","HSPA5","DDX11","TATDN2","SYVN1","DNAJB11","EXTL1","ATP6V0D1","HDGF","EXTL2","CTDSP2","DDIT3","SHC1","TSPYL2","TPP1","PDIA5","EXTL3","ARFGAP1","DNAJB9","SULT1A3","DNAJC3","SERP1","IGFBP1","YIF1A","ZBTB17","LMNA","WFS1","KDELR3","CXCL8","CALR","HYOU1","GSK3A","ASNS","PREB","SSR1","CXXC1","MYDGF","PPP2R5B","GOSR2","ATF4","GFPT1","PDIA6","ATF3"
"CCL2",0,801,209,624,644,211,45,538,334,484,333,983,779,756,497,323,141,670,127,64,675,177,30,967,592,846,652,241,335,885,577,581,593,746,921,711,174,492,560,554,124,973,940,111,910,339,987,212,122,625,6,371,447,948,63,880,371,815
"FKBP14",801,0,118,183,939,44,51,690,15,752,42,95,655,425,43,90,51,900,96,190,389,497,10,417,245,60,100,178,37,99,868,0,160,13,429,2,253,287,39,959,653,10,964,37,26,141,22,189,116,380,7,3,18,27,309,247,866,927
"ACADVL",209,118,0,572,19,612,380,75,847,120,838,72,471,428,389,484,114,35,48,356,19,32,104,25,29,77,786,40,899,43,6,242,800,635,15,122,20,277,727,195,10,437,12,170,31,264,639,398,27,506,627,234,122,504,326,129,25,113
"ADD1",624,183,572,0,130,28,294,161,378,8,26,333,14,533,7,520,127,262,288,224,38,17,1,121,340,569,106,132,21,249,37,351,19,721,132,605,35,798,28,119,0,121,54,937,20,137,894,215,1,311,13,67,33,660,85,161,234,176
"EDEM1",644,939,19,130,0,18,546,411,21,230,348,605,699,98,11,704,599,279,53,2,396,87,37,593,773,321,64,114,5,11,159,4,192,112,57,24,884,43,199,439,531,10,337,107,79,310,27,12,4,355,3,21,86,1,80,483,850,502
"HSP90B1",211,44,612,28,18,0,563,79,99,478,59,237,33,861,0,652,218,568,14,523,1,606,93,32,0,198,711,9,442,412,456,14,715,648,1,3,17,6,269,255,248,50,191,86,0,418,201,503,0,419,59,90,249,169,767,195,21,166
"CUL7",45,51,380,294,546,563,0,956,291,93,38,236,292,993,53,684,89,330,1,333,18,189,3,0,5,4,198,5,685,134,40,0,852,923,0,23,37,67,67,206,1,6,95,888,6,28,8,283,1,589,189,44,36,178,907,103,105,12
"WIPI1",538,690,75,161,411,79,956,0,8,112,394,777,274,521,17,829,302,207,926,105,461,522,291,538,438,856,174,163,202,239,263,36,180,806,123,102,611,2,20,273,422,39,571,613,3,778,266,326,43,969,135,2,279,194,117,745,497,517
"PLA2G4B",334,15,847,378,21,99,291,8,0,7,740,38,292,413,667,662,18,31,32,750,134,3,31,899,42,39,828,408,43,95,11,229,70,800,760,111,539,873,915,84,89,607,22,344,70,75,853,746,22,84,408,589,296,350,999,578,23,171
"TLN1",484,752,120,8,230,478,93,112,7,0,8,920,195,764,0,987,604,182,49,52,10,132,8,412,648,818,543,442,49,261,559,553,1,677,176,999,130,802,5,41,9,36,238,591,2,119,157,744,129,814,49,14,370,726,149,854,705,797
"KLHDC3",333,42,838,26,348,59,38,394,740,8,0,51,7,531,12,699,7,52,167,153,21,16,8,28,23,185,77,3,128,368,5,22,239,612,3,14,110,365,0,120,3,55,14,421,29,6,6,594,5,562,345,87,0,13,650,75,72,28
"SEC31A",983,95,72,333,605,237,236,777,38,920,51,0,280,871,14,597,269,464,92,545,116,940,166,60,16,80,217,97,527,345,216,1,524,947,97,2,279,47,163,560,123,3,45,517,1,986,161,567,42,350,152,6,239,131,326,237,34,205
"XBP1",779,655,471,14,699,33,292,274,292,195,7,280,0,734,189,634,308,896,832,590,980,3,121,352,868,567,606,382,4,735,908,951,9,857,141,444,14,275,85,55,970,651,148,64,785,36,417,137,436,700,14,289,727,181,109,365,27,373
"HERPUD1",756,425,428,533,98,861,993,521,413,764,531,871,734,0,389,279,85,874,264,172,183,508,701,117,568,329,223,71,989,526,994,892,786,822,188,580,44,686,553,871,675,669,785,588,100,859,968,783,241,349,331,678,338,417,98,914,866,760
"DCTN1",497,43,389,7,11,0,53,17,667,0,12,14,189,389,0,394,2,286,18,14,193,0,24,758,41,42,131,3,0,4,65,22,27,33,466,30,28,509,252,149,12,121,441,414,116,11,53,899,162,123,57,234,2,9,189,45,55,19
"SRPRB",323,90,484,520,704,652,684,829,662,987,699,597,634,279,394,0,50,879,204,541,112,332,244,5,174,97,527,12,968,367,708,9,82,192,422,0,147,33,902,670,227,39,982,74,594,855,227,425,590,19,774,799,103,12,591,20,55,84
"HSPA5",141,51,114,127,599,218,89,302,18,604,7,269,308,85,2,50,0,438,43,434,20,515,18,6,22,45,457,9,869,589,109,1,996,432,112,3,98,22,46,354,310,6,72,489,0,140,81,930,5,284,124,38,402,358,213,121,21,493
"DDX11",670,900,35,262,279,568,330,207,31,182,52,464,896,874,286,879,438,0,273,268,568,4,273,880,56,273,698,961,384,15,152,331,4,841,27,83,971,530,163,39,461,730,250,983,3,87,998,974,46,469,5,7,864,546,765,903,831,798
"TATDN2",127,96,48,288,53,14,1,926,32,49,167,92,832,264,18,204,43,273,0,0,40,735,46,6,498,115,133,2,4,47,518,15,299,53,21,14,0,789,292,750,1,79,702,267,17,16,5,72,6,39,56,257,14,4,160,6,221,5
"SYVN1",64,190,356,224,2,523,333,105,750,52,153,545,590,172,14,541,434,268,0,0,4,238,20,27,821,287,458,135,228,486,410,489,831,236,286,905,8,173,768,274,2,215,347,902,100,709,488,997,53,143,42,403,551,980,104,285,208,54
"DNAJB11",675,389,19,38,396,1,18,461,134,10,21,116,980,183,193,112,20,568,40,4,0,372,5,441,0,63,169,185,261,52,978,0,64,6,612,1,505,17,43,411,915,7,162,471,120,45,5,135,18,53,21,9,3,0,1,162,288,852
"EXTL1",177,497,32,17,87,606,189,522,3,132,16,940,3,508,0,332,515,4,735,238,372,0,5,586,618,437,38,380,90,643,936,569,0,555,107,565,345,577,1,0,50,40,301,32,18,505,10,670,52,645,1,126,3,644,325,980,257,666
"ATP6V0D1",30,10,104,1,37,93,3,291,31,8,8,166,121,701,24,244,18,273,46,20,5,5,0,4,5,47,106,0,12,203,125,7,720,113,412,44,154,266,10,12,0,125,296,151,8,0,2,353,5,435,183,196,4,46,576,967,32,8
"HDGF",967,417,25,121,593,32,0,538,899,412,28,60,352,117,758,5,6,880,6,27,441,586,4,0,471,8,400,952,515,17,242,0,420,1,424,0,846,211,18,626,274,20,410,105,203,1,0,121,208,0,175,5,123,0,17,4,28,186
"EXTL2",592,245,29,340,773,0,5,438,42,648,23,16,868,568,41,174,22,56,498,821,0,618,5,471,0,196,25,84,327,748,216,3,33,236,32,18,23,249,12,933,7,3,173,156,0,236,1,146,38,559,38,4,6,86,275,18,574,441
"CTDSP2",846,60,77,569,321,198,4,856,39,818,185,80,567,329,42,97,45,273,115,287,63,437,47,8,196,0,491,30,602,463,232,72,720,102,264,1,11,481,142,950,12,10,290,231,1,119,12,727,61,36,136,28,486,250,622,51,74,326
"DDIT3",652,100,786,106,64,711,198,174,828,543,77,217,606,223,131,527,457,698,133,458,169,38,106,400,25,491,0,395,185,456,37,39,945,642,290,66,633,893,110,486,482,115,154,449,14,196,165,687,2,186,152,70,546,1000,420,942,28,517
"SHC1",241,178,40,132,114,9,5,163,408,442,3,97,382,71,3,12,9,961,2,135,185,380,0,952,84,30,395,0,21,106,473,0,40,2,392,9,514,553,1,941,608,0,147,34,3,11,0,23,2,11,32,0,147,2,24,115,84,312
"TSPYL2",335,37,899,21,5,442,685,202,43,49,128,527,4,989,0,968,869,384,4,228,261,90,12,515,327,602,185,21,0,667,496,654,548,527,55,551,84,915,41,24,0,24,579,470,17,405,737,317,0,540,58,365,174,620,708,944,754,32
"TPP1",885,99,43,249,11,412,134,239,95,261,368,345,735,526,4,367,589,15,47,486,52,643,203,17,748,463,456,106,667,0,268,341,122,697,53,273,155,337,154,195,20,205,91,359,17,518,3,634,2,207,80,32,991,578,113,368,152,399
"PDIA5",577,868,6,37,159,456,40,263,11,559,5,216,908,994,65,708,109,152,518,410,978,936,125,242,216,232,37,473,496,268,0,38,76,719,206,71,459,171,6,304,834,58,672,594,33,802,131,697,665,575,12,0,126,13,102,366,736,517
"EXTL3",581,0,242,351,4,14,0,36,229,553,22,1,951,892,22,9,1,331,15,489,0,569,7,0,3,72,39,0,654,341,38,0,153,148,45,0,0,737,52,395,0,2,44,380,0,15,1,380,1,7,817,4,188,714,750,5,0,26
"ARFGAP1",593,160,800,19,192,715,852,180,70,1,239,524,9,786,27,82,996,4,299,831,64,0,720,420,33,720,945,40,548,122,76,153,0,144,1,563,164,110,55,0,99,302,95,172,272,999,526,2,24,997,218,663,439,759,703,840,78,615
"DNAJB9",746,13,635,721,112,648,923,806,800,677,612,947,857,822,33,192,432,841,53,236,6,555,113,1,236,102,642,2,527,697,719,148,144,0,618,57,4,64,676,933,212,64,346,478,0,562,4,915,0,141,533,146,478,905,654,45,0,384
"SULT1A3",921,429,15,132,57,1,0,123,760,176,3,97,141,188,466,422,112,27,21,286,612,107,412,424,32,264,290,392,55,53,206,45,1,618,0,366,778,790,161,5,448,198,195,792,903,338,294,256,655,153,9,324,164,14,41,963,129,283
"DNAJC3",711,2,122,605,24,3,23,102,111,999,14,2,444,580,30,0,3,83,14,905,1,565,44,0,18,1,66,9,551,273,71,0,563,57,366,0,1,217,150,432,25,201,86,977,12,440,15,423,20,2,87,21,105,52,323,2,1,122
"SERP1",174,253,20,35,884,17,37,611,539,130,110,279,14,44,28,147,98,971,0,8,505,345,154,846,23,11,633,514,84,155,459,0,164,4,778,1,0,114,36,816,940,61,411,307,221,190,9,398,262,7,33,25,177,2,302,846,430,759
"IGFBP1",492,287,277,798,43,6,67,2,873,802,365,47,275,686,509,33,22,530,789,173,17,577,266,211,249,481,893,553,915,337,171,737,110,64,790,217,114,0,169,969,291,430,105,193,3,5,456,152,238,32,841,6,921,774,373,302,1,868
"YIF1A",560,39,727,28,199,269,67,20,915,5,0,163,85,553,252,902,46,163,292,768,43,1,10,18,12,142,110,1,41,154,6,52,55,676,161,150,36,169,0,44,68,255,59,181,144,246,225,647,217,293,707,70,88,36,33,160,9,265
"ZBTB17",554,959,195,119,439,255,206,273,84,41,120,560,55,871,149,670,354,39,750,274,411,0,12,626,933,950,486,941,24,195,304,395,0,933,5,432,816,969,44,0,37,145,274,438,66,275,981,559,114,514,3,31,181,546,262,390,651,994
"LMNA",124,653,10,0,531,248,1,422,89,9,3,123,970,675,12,227,310,461,1,2,915,50,0,274,7,12,482,608,0,20,834,0,99,212,448,25,940,291,68,37,0,28,520,178,301,76,0,392,50,675,0,42,4,7,2,818,659,943
"WFS1",973,10,437,121,10,50,6,39,607,36,55,3,651,669,121,39,6,730,79,215,7,40,125,20,3,10,115,0,24,205,58,2,302,64,198,201,61,430,255,145,28,0,13,552,27,6,0,465,7,58,534,149,5,6,168,63,11,48
"KDELR3",940,964,12,54,337,191,95,571,22,238,14,45,148,785,441,982,72,250,702,347,162,301,296,410,173,290,154,147,579,91,672,44,95,346,195,86,411,105,59,274,520,13,0,802,58,732,441,855,552,365,218,3,327,20,52,794,491,670
"CXCL8",111,37,170,937,107,86,888,613,344,591,421,517,64,588,414,74,489,983,267,902,471,32,151,105,156,231,449,34,470,359,594,380,172,478,792,977,307,193,181,438,178,552,802,0,959,404,523,52,295,687,47,9,554,669,3,661,805,398
"CALR",910,26,31,20,79,0,6,3,70,2,29,1,785,100,116,594,0,3,17,100,120,18,8,203,0,1,14,3,17,17,33,0,272,0,903,12,221,3,144,66,301,27,58,959,0,119,0,522,49,19,24,4,6,0,6,119,56,81
"HYOU1",339,141,264,137,310,418,28,778,75,119,6,986,36,859,11,855,140,87,16,709,45,505,0,1,236,119,196,11,405,518,802,15,999,562,338,440,190,5,246,275,76,6,732,404,119,0,8,475,5,406,81,100,57,20,349,315,70,192
"GSK3A",987,22,639,894,27,201,8,266,853,157,6,161,417,968,53,227,81,998,5,488,5,10,2,0,1,12,165,0,737,3,131,1,526,4,294,15,9,456,225,981,0,0,441,523,0,8,0,496,3,8,918,304,4,2,237,28,1,65
"ASNS",212,189,398,215,12,503,283,326,746,744,594,567,137,783,899,425,930,974,72,997,135,670,353,121,146,727,687,23,317,634,697,380,2,915,256,423,398,152,647,559,392,465,855,52,522,475,496,0,21,592,811,561,356,676,271,954,368,66
"PREB",122,116,27,1,4,0,1,43,22,129,5,42,436,241,162,590,5,46,6,53,18,52,5,208,38,61,2,2,0,2,665,1,24,0,655,20,262,238,217,114,50,7,552,295,49,5,3,21,0,256,7,68,0,0,54,673,464,83
"SSR1",625,380,506,311,355,419,589,969,84,814,562,350,700,349,123,19,284,469,39,143,53,645,435,0,559,36,186,11,540,207,575,7,997,141,153,2,7,32,293,514,675,58,365,687,19,406,8,592,256,0,9,13,67,63,410,19,383,475
"CXXC1",6,7,627,13,3,59,189,135,408,49,345,152,14,331,57,774,124,5,56,42,21,1,183,175,38,136,152,32,58,80,12,817,218,533,9,87,33,841,707,3,0,534,218,47,24,81,918,811,7,9,0,801,161,737,978,298,56,13
"MYDGF",371,3,234,67,21,90,44,2,589,14,87,6,289,678,234,799,38,7,257,403,9,126,196,5,4,28,70,0,365,32,0,4,663,146,324,21,25,6,70,31,42,149,3,9,4,100,304,561,68,13,801,0,98,66,133,236,3,127
"PPP2R5B",447,18,122,33,86,249,36,279,296,370,0,239,727,338,2,103,402,864,14,551,3,3,4,123,6,486,546,147,174,991,126,188,439,478,164,105,177,921,88,181,4,5,327,554,6,57,4,356,0,67,161,98,0,152,87,334,46,0
"GOSR2",948,27,504,660,1,169,178,194,350,726,13,131,181,417,9,12,358,546,4,980,0,644,46,0,86,250,1000,2,620,578,13,714,759,905,14,52,2,774,36,546,7,6,20,669,0,20,2,676,0,63,737,66,152,0,225,22,5,388
"ATF4",63,309,326,85,80,767,907,117,999,149,650,326,109,98,189,591,213,765,160,104,1,325,576,17,275,622,420,24,708,113,102,750,703,654,41,323,302,373,33,262,2,168,52,3,6,349,237,271,54,410,978,133,87,225,0,813,238,110
"GFPT1",880,247,129,161,483,195,103,745,578,854,75,237,365,914,45,20,121,903,6,285,162,980,967,4,18,51,942,115,944,368,366,5,840,45,963,2,846,302,160,390,818,63,794,661,119,315,28,954,673,19,298,236,334,22,813,0,11,911
"PDIA6",371,866,25,234,850,21,105,497,23,705,72,34,27,866,55,55,21,831,221,208,288,257,32,28,574,74,28,84,754,152,736,0,78,0,129,1,430,1,9,651,659,11,491,805,56,70,1,368,464,383,56,3,46,5,238,11,0,662
"ATF3",815,927,113,176,502,166,12,517,171,797,28,205,373,760,19,84,493,798,5,54,852,666,8,186,441,326,517,312,32,399,517,26,615,384,283,122,759,868,265,994,943,48,670,398,81,192,65,66,83,475,13,127,0,388,110,911,662,0
