"","CCL2","FKBP14","ACADVL","ADD1","EDEM1","HSP90B1","CUL7","WIPI1","PLA2G4B","TLN1","KLHDC3","SEC31A","XBP1","HERPUD1","DCTN1","SRPRB","HSPA5","DDX11","TATDN2","SYVN1","DNAJB11","EXTL1","ATP6V0D1","HDGF","EXTL2","CTDSP2","DDIT3","SHC1","TSPYL2","TPP1","PDIA5","EXTL3","ARFGAP1","DNAJB9","SULT1A3","DNAJC3","SERP1","IGFBP1","YIF1A","ZBTB17","LMNA","WFS1","KDELR3","CXCL8","CALR","HYOU1","GSK3A","ASNS","PREB","SSR1","CXXC1","MYDGF","PPP2R5B","GOSR2","ATF4","GFPT1","PDIA6","ATF3"
"CCL2",0,494,881,335,380,90,628,996,291,174,211,284,253,876,13,914,164,84,488,315,146,389,391,573,83,182,791,611,754,654,109,23,285,99,845,40,961,378,918,330,393,231,461,313,213,827,21,522,954,230,387,199,374,666,323,283,762,421
"FKBP14",494,0,150,700,483,895,44,957,421,639,781,47,643,13,595,38,72,807,564,146,80,821,42,452,871,873,108,218,540,272,491,486,818,66,370,16,979,179,327,290,448,41,942,290,653,286,901,909,454,16,422,734,573,19,120,100,26,525
"ACADVL",881,150,0,543,136,19,541,36,564,756,548,179,445,868,294,682,217,108,725,368,10,85,800,886,503,488,530,860,794,440,918,583,229,971,913,393,980,2,865,117,364,960,689,284,427,60,7,629,330,489,182,294,127,225,767,516,888,654
"ADD1",335,700,543,0,431,694,675,82,669,705,15,219,762,726,494,474,927,404,670,783,388,678,886,890,747,570,387,120,481,242,861,754,398,636,905,379,765,355,477,465,975,698,865,307,288,838,305,226,644,716,640,464,680,724,446,520,593,423
"EDEM1",380,483,136,431,0,350,62,537,237,947,518,577,182,121,950,130,333,969,633,729,503,247,76,63,118,59,140,617,601,241,920,958,972,91,370,555,625,4,525,737,598,407,660,374,895,985,525,953,92,43,408,618,531,35,345,348,204,588
"HSP90B1",90,895,19,694,350,0,444,140,820,113,615,988,931,540,821,968,945,258,151,878,423,156,656,628,296,484,425,869,338,570,132,58,637,421,847,481,782,930,535,239,14,513,174,318,389,697,944,105,434,501,814,471,305,854,67,899,784,225
"CUL7",628,44,541,675,62,444,0,511,63,314,385,502,598,953,617,29,319,581,626,582,13,29,185,983,578,311,136,948,221,911,185,428,486,383,13,574,52,62,582,746,440,265,839,304,575,289,364,532,687,109,803,856,942,271,131,87,429,73
"WIPI1",996,957,36,82,537,140,511,0,835,578,282,840,161,377,381,519,821,955,523,416,608,500,629,875,213,806,166,926,215,602,794,723,494,353,597,943,873,666,349,153,786,931,34,298,903,617,700,785,645,165,139,406,924,556,812,770,331,141
"PLA2G4B",291,421,564,669,237,820,63,835,0,323,328,27,573,654,783,945,847,403,977,54,746,855,825,279,249,758,455,333,957,752,795,718,729,961,422,652,975,373,874,677,602,591,90,262,681,219,110,412,781,925,572,220,676,718,662,203,519,273
"TLN1",174,639,756,705,947,113,314,578,323,0,143,500,575,501,605,821,121,711,676,385,599,668,609,750,541,374,204,106,433,453,743,451,913,286,186,57,802,36,471,494,254,467,651,41,218,136,116,914,675,886,347,502,985,593,820,613,664,427
"KLHDC3",211,781,548,15,518,615,385,282,328,143,0,781,162,21,84,88,680,889,806,165,133,942,83,417,61,109,596,829,295,254,758,389,534,486,793,811,910,231,569,728,445,984,750,14,870,741,538,437,840,68,646,311,952,288,297,930,77,145
"SEC31A",284,47,179,219,577,988,502,840,27,500,781,0,25,484,919,85,166,303,686,189,22,367,56,728,302,320,239,787,538,692,649,452,612,35,308,185,418,25,828,659,414,36,946,789,194,722,548,325,298,70,898,478,90,231,654,150,221,511
"XBP1",253,643,445,762,182,931,598,161,573,575,162,25,0,845,653,312,110,77,568,403,617,274,100,453,812,353,612,85,896,39,129,707,382,582,544,35,162,467,305,79,459,293,103,967,671,98,368,816,246,124,468,480,464,52,50,326,71,557
"HERPUD1",876,13,868,726,121,540,953,377,654,501,21,484,845,0,465,759,549,800,948,950,965,364,762,712,904,486,137,381,331,348,476,550,706,950,458,260,163,667,343,786,939,866,463,977,798,601,433,163,531,871,844,397,560,415,166,869,404,581
"DCTN1",13,595,294,494,950,821,617,381,783,605,84,919,653,465,0,480,735,964,334,869,778,981,845,329,821,938,37,952,228,285,160,802,492,564,647,441,859,808,546,898,689,873,482,84,988,774,198,150,761,632,296,781,387,250,852,713,256,449
"SRPRB",914,38,682,474,130,968,29,519,945,821,88,85,312,759,480,0,203,884,600,8,408,461,100,652,523,308,194,13,627,106,804,344,413,397,778,48,715,925,395,509,720,404,678,879,970,353,995,760,220,12,958,651,34,3,96,18,46,884
"HSPA5",164,72,217,927,333,945,319,821,847,121,680,166,110,549,735,203,0,629,919,341,13,367,584,672,233,341,653,241,327,836,642,982,294,151,359,254,399,295,668,362,85,785,838,25,756,377,163,732,222,295,626,551,520,229,330,124,338,657
"DDX11",84,807,108,404,969,258,581,955,403,711,889,303,77,800,964,884,629,0,900,652,958,899,1000,781,821,252,625,225,111,683,157,825,295,927,894,704,949,161,721,506,874,910,621,664,655,327,978,990,320,517,720,345,451,966,200,581,575,322
"TATDN2",488,564,725,670,633,151,626,523,977,676,806,686,568,948,334,600,919,900,0,623,114,460,80,348,872,588,219,33,835,528,202,956,542,563,698,803,326,339,525,643,631,60,345,287,831,474,522,700,26,662,798,279,291,431,539,611,942,871
"SYVN1",315,146,368,783,729,878,582,416,54,385,165,189,403,950,869,8,341,652,623,0,6,792,13,998,401,863,122,767,118,592,177,991,394,18,355,755,358,37,348,504,465,158,819,281,893,53,533,847,971,614,958,896,839,314,387,882,822,340
"DNAJB11",146,80,10,388,503,423,13,608,746,599,133,22,617,965,778,408,13,958,114,6,0,382,155,126,739,268,86,10,658,179,730,92,104,165,764,3,918,290,205,241,249,349,163,698,311,2,883,900,67,278,736,706,32,6,118,0,384,770
"EXTL1",389,821,85,678,247,156,29,500,855,668,942,367,274,364,981,461,367,899,460,792,382,0,587,71,31,894,970,15,903,517,515,740,491,769,211,575,205,108,427,434,203,857,438,188,647,335,947,658,426,275,691,620,860,722,91,375,556,565
"ATP6V0D1",391,42,800,886,76,656,185,629,825,609,83,56,100,762,845,100,584,1000,80,13,155,587,0,496,359,225,422,83,608,141,463,172,490,384,507,215,966,792,551,456,490,868,858,109,534,444,114,731,263,42,889,510,22,2,546,120,115,668
"HDGF",573,452,886,890,63,628,983,875,279,750,417,728,453,712,329,652,672,781,348,998,126,71,496,0,210,481,546,661,186,341,582,893,180,535,666,434,49,178,719,931,714,629,142,153,681,683,965,501,681,941,631,728,700,605,149,569,464,83
"EXTL2",83,871,503,747,118,296,578,213,249,541,61,302,812,904,821,523,233,821,872,401,739,31,359,210,0,98,141,414,107,840,535,907,204,987,420,905,320,224,783,80,989,406,317,271,284,87,552,246,603,959,793,111,927,249,919,899,298,480
"CTDSP2",182,873,488,570,59,484,311,806,758,374,109,320,353,486,938,308,341,252,588,863,268,894,225,481,98,0,113,430,667,527,210,188,39,790,505,297,529,48,671,955,552,376,302,788,400,903,521,447,732,660,794,334,945,168,138,908,258,502
"DDIT3",791,108,530,387,140,425,136,166,455,204,596,239,612,137,37,194,653,625,219,122,86,970,422,546,141,113,0,989,603,463,744,338,527,396,803,483,499,894,624,538,486,658,378,144,191,129,524,459,476,71,651,460,440,51,330,206,417,645
"SHC1",611,218,860,120,617,869,948,926,333,106,829,787,85,381,952,13,241,225,33,767,10,15,83,661,414,430,989,0,519,728,231,978,573,158,108,638,183,33,910,856,331,45,989,850,190,795,562,64,47,386,782,401,392,54,511,547,110,810
"TSPYL2",754,540,794,481,601,338,221,215,957,433,295,538,896,331,228,627,327,111,835,118,658,903,608,186,107,667,603,519,0,850,748,931,444,463,489,674,550,991,330,893,498,709,410,210,537,579,395,485,952,225,453,845,763,678,994,172,284,823
"TPP1",654,272,440,242,241,570,911,602,752,453,254,692,39,348,285,106,836,683,528,592,179,517,141,341,840,527,463,728,850,0,132,742,329,131,415,298,287,104,280,630,498,686,367,286,764,537,395,468,274,442,870,737,245,220,445,697,347,989
"PDIA5",109,491,918,861,920,132,185,794,795,743,758,649,129,476,160,804,642,157,202,177,730,515,463,582,535,210,744,231,748,132,0,551,291,57,758,592,235,79,762,137,353,698,73,805,188,834,71,47,742,727,752,119,156,66,2,367,476,609
"EXTL3",23,486,583,754,958,58,428,723,718,451,389,452,707,550,802,344,982,825,956,991,92,740,172,893,907,188,338,978,931,742,551,0,148,917,423,596,736,13,958,918,516,651,357,163,334,444,9,653,562,921,988,518,499,127,453,535,643,470
"ARFGAP1",285,818,229,398,972,637,486,494,729,913,534,612,382,706,492,413,294,295,542,394,104,491,490,180,204,39,527,573,444,329,291,148,0,436,990,637,257,816,284,28,372,225,454,551,800,318,558,852,460,563,181,928,570,946,60,803,884,354
"DNAJB9",99,66,971,636,91,421,383,353,961,286,486,35,582,950,564,397,151,927,563,18,165,769,384,535,987,790,396,158,463,131,57,917,436,0,96,12,769,240,385,56,101,608,193,578,496,271,784,527,875,17,910,189,735,41,29,1,931,38
"SULT1A3",845,370,913,905,370,847,13,597,422,186,793,308,544,458,647,778,359,894,698,355,764,211,507,666,420,505,803,108,489,415,758,423,990,96,0,142,124,497,640,775,938,90,620,694,391,79,378,382,569,194,138,928,475,139,299,66,181,358
"DNAJC3",40,16,393,379,555,481,574,943,652,57,811,185,35,260,441,48,254,704,803,755,3,575,215,434,905,297,483,638,674,298,592,596,637,12,142,0,73,34,831,772,136,225,479,60,890,765,573,943,203,113,604,357,652,110,748,300,509,293
"SERP1",961,979,980,765,625,782,52,873,975,802,910,418,162,163,859,715,399,949,326,358,918,205,966,49,320,529,499,183,550,287,235,736,257,769,124,73,0,461,988,666,404,319,23,652,954,881,174,922,344,323,942,331,869,240,2,192,4,699
"IGFBP1",378,179,2,355,4,930,62,666,373,36,231,25,467,667,808,925,295,161,339,37,290,108,792,178,224,48,894,33,991,104,79,13,816,240,497,34,461,0,789,21,927,346,588,872,66,132,665,618,497,31,408,590,212,193,907,21,673,709
"YIF1A",918,327,865,477,525,535,582,349,874,471,569,828,305,343,546,395,668,721,525,348,205,427,551,719,783,671,624,910,330,280,762,958,284,385,640,831,988,789,0,997,587,195,146,449,12,800,610,645,558,678,738,480,869,310,122,644,236,525
"ZBTB17",330,290,117,465,737,239,746,153,677,494,728,659,79,786,898,509,362,506,643,504,241,434,456,931,80,955,538,856,893,630,137,918,28,56,775,772,666,21,997,0,563,669,28,655,211,719,24,183,256,599,952,362,447,948,276,636,701,986
"LMNA",393,448,364,975,598,14,440,786,602,254,445,414,459,939,689,720,85,874,631,465,249,203,490,714,989,552,486,331,498,498,353,516,372,101,938,136,404,927,587,563,0,151,790,67,39,504,372,648,685,433,988,287,884,554,735,381,559,454
"WFS1",231,41,960,698,407,513,265,931,591,467,984,36,293,866,873,404,785,910,60,158,349,857,868,629,406,376,658,45,709,686,698,651,225,608,90,225,319,346,195,669,151,0,933,197,359,522,284,750,234,601,880,205,568,144,502,251,507,676
"KDELR3",461,942,689,865,660,174,839,34,90,651,750,946,103,463,482,678,838,621,345,819,163,438,858,142,317,302,378,989,410,367,73,357,454,193,620,479,23,588,146,28,790,933,0,861,544,338,483,896,897,798,365,623,441,394,83,783,305,483
"CXCL8",313,290,284,307,374,318,304,298,262,41,14,789,967,977,84,879,25,664,287,281,698,188,109,153,271,788,144,850,210,286,805,163,551,578,694,60,652,872,449,655,67,197,861,0,261,852,68,77,626,504,866,18,165,940,596,121,392,681
"CALR",213,653,427,288,895,389,575,903,681,218,870,194,671,798,988,970,756,655,831,893,311,647,534,681,284,400,191,190,537,764,188,334,800,496,391,890,954,66,12,211,39,359,544,261,0,170,907,592,566,782,408,756,868,370,102,420,826,230
"HYOU1",827,286,60,838,985,697,289,617,219,136,741,722,98,601,774,353,377,327,474,53,2,335,444,683,87,903,129,795,579,537,834,444,318,271,79,765,881,132,800,719,504,522,338,852,170,0,784,954,612,599,893,521,924,831,238,706,325,868
"GSK3A",21,901,7,305,525,944,364,700,110,116,538,548,368,433,198,995,163,978,522,533,883,947,114,965,552,521,524,562,395,395,71,9,558,784,378,573,174,665,610,24,372,284,483,68,907,784,0,671,98,418,922,730,90,853,150,265,929,59
"ASNS",522,909,629,226,953,105,532,785,412,914,437,325,816,163,150,760,732,990,700,847,900,658,731,501,246,447,459,64,485,468,47,653,852,527,382,943,922,618,645,183,648,750,896,77,592,954,671,0,188,911,824,666,266,684,700,983,184,91
"PREB",954,454,330,644,92,434,687,645,781,675,840,298,246,531,761,220,222,320,26,971,67,426,263,681,603,732,476,47,952,274,742,562,460,875,569,203,344,497,558,256,685,234,897,626,566,612,98,188,0,685,979,153,769,627,85,553,486,790
"SSR1",230,16,489,716,43,501,109,165,925,886,68,70,124,871,632,12,295,517,662,614,278,275,42,941,959,660,71,386,225,442,727,921,563,17,194,113,323,31,678,599,433,601,798,504,782,599,418,911,685,0,628,919,955,17,766,198,836,265
"CXXC1",387,422,182,640,408,814,803,139,572,347,646,898,468,844,296,958,626,720,798,958,736,691,889,631,793,794,651,782,453,870,752,988,181,910,138,604,942,408,738,952,988,880,365,866,408,893,922,824,979,628,0,986,921,785,806,523,678,658
"MYDGF",199,734,294,464,618,471,856,406,220,502,311,478,480,397,781,651,551,345,279,896,706,620,510,728,111,334,460,401,845,737,119,518,928,189,928,357,331,590,480,362,287,205,623,18,756,521,730,666,153,919,986,0,700,863,53,875,178,957
"PPP2R5B",374,573,127,680,531,305,942,924,676,985,952,90,464,560,387,34,520,451,291,839,32,860,22,700,927,945,440,392,763,245,156,499,570,735,475,652,869,212,869,447,884,568,441,165,868,924,90,266,769,955,921,700,0,139,146,577,235,359
"GOSR2",666,19,225,724,35,854,271,556,718,593,288,231,52,415,250,3,229,966,431,314,6,722,2,605,249,168,51,54,678,220,66,127,946,41,139,110,240,193,310,948,554,144,394,940,370,831,853,684,627,17,785,863,139,0,707,464,101,567
"ATF4",323,120,767,446,345,67,131,812,662,820,297,654,50,166,852,96,330,200,539,387,118,91,546,149,919,138,330,511,994,445,2,453,60,29,299,748,2,907,122,276,735,502,83,596,102,238,150,700,85,766,806,53,146,707,0,593,556,898
"GFPT1",283,100,516,520,348,899,87,770,203,613,930,150,326,869,713,18,124,581,611,882,0,375,120,569,899,908,206,547,172,697,367,535,803,1,66,300,192,21,644,636,381,251,783,121,420,706,265,983,553,198,523,875,577,464,593,0,880,87
"PDIA6",762,26,888,593,204,784,429,331,519,664,77,221,71,404,256,46,338,575,942,822,384,556,115,464,298,258,417,110,284,347,476,643,884,931,181,509,4,673,236,701,559,507,305,392,826,325,929,184,486,836,678,178,235,101,556,880,0,625
"ATF3",421,525,654,423,588,225,73,141,273,427,145,511,557,581,449,884,657,322,871,340,770,565,668,83,480,502,645,810,823,989,609,470,354,38,358,293,699,709,525,986,454,676,483,681,230,868,59,91,790,265,658,957,359,567,898,87,625,0
