"","CCL2","FKBP14","ACADVL","ADD1","EDEM1","HSP90B1","CUL7","WIPI1","PLA2G4B","TLN1","KLHDC3","SEC31A","XBP1","HERPUD1","DCTN1","SRPRB","HSPA5","DDX11","TATDN2","SYVN1","DNAJB11","EXTL1","ATP6V0D1","HDGF","EXTL2","CTDSP2","DDIT3","SHC1","TSPYL2","TPP1","PDIA5","EXTL3","ARFGAP1","DNAJB9","SULT1A3","DNAJC3","SERP1","IGFBP1","YIF1A","ZBTB17","LMNA","WFS1","KDELR3","CXCL8","CALR","HYOU1","GSK3A","ASNS","PREB","SSR1","CXXC1","MYDGF","PPP2R5B","GOSR2","ATF4","GFPT1","PDIA6","ATF3"
"CCL2",0,97,657,342,3,182,311,666,784,539,653,25,142,992,95,31,132,41,1,110,35,981,860,2,690,3,81,1,77,68,683,48,18,25,62,171,383,3,540,122,748,837,972,35,921,154,387,2,385,242,108,552,0,49,3,74,209,725
"FKBP14",97,0,727,376,28,899,33,550,901,25,850,19,12,39,48,751,773,146,321,124,491,844,599,10,5,0,608,0,1,33,671,0,606,7,867,41,892,574,7,849,197,45,476,45,197,595,269,134,493,281,661,119,28,7,911,112,914,476
"ACADVL",657,727,0,28,62,125,637,219,1,75,512,338,75,30,136,14,56,18,905,148,990,236,934,370,34,732,19,867,3,30,2,538,0,2,1,0,247,5,564,0,74,791,843,147,102,12,610,241,658,10,0,324,162,633,300,2,11,862
"ADD1",342,376,28,0,3,25,49,830,1,81,488,3,0,845,457,106,18,64,687,21,880,391,67,131,330,923,1,611,141,51,0,821,47,10,8,1,36,179,303,97,115,493,801,111,107,0,10,290,376,0,8,139,275,607,457,5,5,900
"EDEM1",3,28,62,3,0,341,823,609,542,304,114,90,34,906,0,608,571,34,29,945,101,850,3,575,9,48,216,514,655,471,421,14,32,260,874,765,527,712,0,146,854,13,956,3,31,812,382,29,22,676,110,3,924,225,787,670,219,15
"HSP90B1",182,899,125,25,341,0,948,76,432,89,405,948,819,684,0,148,51,62,165,98,22,190,13,622,18,836,128,46,16,896,29,787,63,362,143,787,134,85,353,37,89,80,500,812,263,303,641,4,197,574,892,504,116,423,349,737,16,640
"CUL7",311,33,637,49,823,948,0,701,23,551,589,96,163,284,1,334,774,6,384,68,767,541,100,272,3,245,695,880,156,225,605,140,20,96,554,252,133,665,6,2,423,602,281,7,109,738,83,127,605,333,217,51,447,187,634,701,901,576
"WIPI1",666,550,219,830,609,76,701,0,614,875,693,428,697,715,6,630,370,9,672,976,501,677,252,367,381,244,845,822,596,556,811,67,394,567,787,603,847,694,1,235,180,118,112,869,459,449,571,961,22,653,642,160,92,721,155,865,514,795
"PLA2G4B",784,901,1,1,542,432,23,614,0,218,780,339,293,26,43,96,57,783,934,45,400,136,482,217,274,365,30,971,129,57,28,877,378,259,5,33,74,20,571,5,8,898,80,759,605,6,232,609,561,394,48,829,959,62,829,10,69,621
"TLN1",539,25,75,81,304,89,551,875,218,0,884,137,970,945,622,439,140,0,4,253,337,463,582,739,145,531,12,834,65,467,47,87,755,840,181,841,444,949,320,289,894,250,532,256,0,332,731,709,214,220,99,0,2,702,616,81,330,717
"KLHDC3",653,850,512,488,114,405,589,693,780,884,0,427,420,925,74,788,988,284,996,840,802,351,0,565,429,94,139,538,842,526,828,578,731,673,654,689,123,124,126,989,44,2,97,557,86,796,96,4,14,746,527,119,995,906,750,704,648,709
"SEC31A",25,19,338,3,90,948,96,428,339,137,427,0,470,252,0,83,209,37,423,299,988,922,472,79,0,125,595,203,373,13,258,22,31,176,158,52,172,290,5,54,670,196,184,42,377,190,141,3,180,53,336,25,427,5,192,8,287,313
"XBP1",142,12,75,0,34,819,163,697,293,970,420,470,0,695,0,105,351,3,246,265,941,526,17,14,189,10,973,99,775,469,917,31,63,663,349,729,67,452,0,97,147,39,90,117,155,130,545,1,6,116,900,11,145,59,843,282,434,187
"HERPUD1",992,39,30,845,906,684,284,715,26,945,925,252,695,0,0,597,266,101,477,483,3,25,316,872,2,508,611,296,152,128,959,566,127,185,936,332,159,404,132,10,442,572,117,625,138,789,284,985,142,247,4,175,200,45,835,139,592,719
"DCTN1",95,48,136,457,0,0,1,6,43,622,74,0,0,0,0,2,0,915,250,0,67,286,803,0,71,50,89,0,392,0,0,147,539,0,21,0,7,944,19,675,898,626,1,2,1,0,9,82,155,0,66,123,57,7,353,0,0,192
"SRPRB",31,751,14,106,608,148,334,630,96,439,788,83,105,597,2,0,51,632,95,55,91,617,19,213,17,356,15,991,636,246,180,274,6,29,53,25,2,439,33,36,48,22,788,10,986,10,633,359,331,60,303,218,113,317,930,138,123,855
"HSPA5",132,773,56,18,571,51,774,370,57,140,988,209,351,266,0,51,0,33,183,74,176,402,243,585,10,969,451,259,108,484,218,715,23,844,245,505,189,33,24,40,299,377,865,204,461,65,529,4,416,222,107,97,158,219,953,803,47,916
"DDX11",41,146,18,64,34,62,6,9,783,0,284,37,3,101,915,632,33,0,68,28,82,731,278,61,949,85,52,3,0,33,208,187,302,26,562,18,10,88,431,468,2,121,4,14,638,119,3,490,381,6,961,938,0,20,776,83,167,285
"TATDN2",1,321,905,687,29,165,384,672,934,4,996,423,246,477,250,95,183,68,0,642,310,469,782,636,126,269,718,541,0,660,143,27,659,568,580,835,407,731,2,663,7,44,201,1,28,244,830,373,822,592,921,12,233,867,977,357,213,28
"SYVN1",110,124,148,21,945,98,68,976,45,253,840,299,265,483,0,55,74,28,642,0,903,220,122,349,2,629,466,954,70,884,11,54,34,773,205,401,160,398,1,11,204,499,868,28,403,35,230,102,167,94,330,61,180,30,854,207,10,159
"DNAJB11",35,491,990,880,101,22,767,501,400,337,802,988,941,3,67,91,176,82,310,903,0,245,138,540,363,420,752,437,108,55,465,480,864,543,972,359,765,819,119,970,872,20,420,978,365,767,841,281,19,753,34,639,184,370,366,469,498,338
"EXTL1",981,844,236,391,850,190,541,677,136,463,351,922,526,25,286,617,402,731,469,220,245,0,827,1000,22,798,24,644,246,146,171,939,23,936,337,816,708,931,120,70,896,707,185,744,339,164,768,629,93,244,41,824,5,899,30,868,606,779
"ATP6V0D1",860,599,934,67,3,13,100,252,482,582,0,472,17,316,803,19,243,278,782,122,138,827,0,176,98,775,4,440,265,216,32,631,352,468,72,54,126,89,473,807,526,64,462,295,4,6,571,320,676,33,497,63,352,549,143,4,53,901
"HDGF",2,10,370,131,575,622,272,367,217,739,565,79,14,872,0,213,585,61,636,349,540,1000,176,0,21,77,817,220,397,6,102,335,192,13,425,94,59,391,0,233,730,522,141,0,450,611,784,154,634,27,139,125,470,88,811,221,248,586
"EXTL2",690,5,34,330,9,18,3,381,274,145,429,0,189,2,71,17,10,949,126,2,363,22,98,21,0,122,332,31,80,27,26,507,279,5,64,0,0,272,323,3,392,794,18,225,298,1,42,336,492,5,2,768,238,1,767,0,9,599
"CTDSP2",3,0,732,923,48,836,245,244,365,531,94,125,10,508,50,356,969,85,269,629,420,798,775,77,122,0,722,2,342,3,596,4,556,26,415,122,131,345,9,684,118,576,135,0,451,787,390,1,985,126,5,36,5,63,352,576,908,139
"DDIT3",81,608,19,1,216,128,695,845,30,12,139,595,973,611,89,15,451,52,718,466,752,24,4,817,332,722,0,578,0,143,385,193,2,593,226,293,18,335,483,1,0,8,787,251,270,56,776,99,187,64,0,536,586,222,164,27,462,922
"SHC1",1,0,867,611,514,46,880,822,971,834,538,203,99,296,0,991,259,3,541,954,437,644,440,220,31,2,578,0,507,142,352,1,526,308,591,597,531,516,9,613,180,975,313,1,19,501,599,55,220,270,791,1,30,85,924,502,101,102
"TSPYL2",77,1,3,141,655,16,156,596,129,65,842,373,775,152,392,636,108,0,0,70,108,246,265,397,80,342,0,507,0,608,57,25,75,768,9,435,66,847,516,137,0,464,295,245,0,64,729,33,640,301,62,0,0,864,309,135,639,245
"TPP1",68,33,30,51,471,896,225,556,57,467,526,13,469,128,0,246,484,33,660,884,55,146,216,6,27,3,143,142,608,0,667,303,18,179,468,281,298,341,0,23,479,97,917,0,86,900,464,54,78,218,64,0,957,7,150,73,987,36
"PDIA5",683,671,2,0,421,29,605,811,28,47,828,258,917,959,0,180,218,208,143,11,465,171,32,102,26,596,385,352,57,667,0,707,46,987,192,519,7,209,101,13,12,81,798,720,574,64,739,1,347,7,314,428,714,302,978,249,17,514
"EXTL3",48,0,538,821,14,787,140,67,877,87,578,22,31,566,147,274,715,187,27,54,480,939,631,335,507,4,193,1,25,303,707,0,771,54,611,57,121,568,112,999,70,373,698,10,902,529,316,38,867,223,467,73,0,16,766,287,900,73
"ARFGAP1",18,606,0,47,32,63,20,394,378,755,731,31,63,127,539,6,23,302,659,34,864,23,352,192,279,556,2,526,75,18,46,771,0,103,36,11,6,279,931,1,0,124,137,758,5,0,960,695,317,10,0,71,532,114,77,1,15,152
"DNAJB9",25,7,2,10,260,362,96,567,259,840,673,176,663,185,0,29,844,26,568,773,543,936,468,13,5,26,593,308,768,179,987,54,103,0,958,423,209,68,34,131,780,380,750,17,95,357,861,40,287,261,93,20,942,113,294,206,495,284
"SULT1A3",62,867,1,8,874,143,554,787,5,181,654,158,349,936,21,53,245,562,580,205,972,337,72,425,64,415,226,591,9,468,192,611,36,958,0,124,20,41,401,1,0,316,546,252,504,5,244,15,818,305,0,539,747,637,225,45,148,114
"DNAJC3",171,41,0,1,765,787,252,603,33,841,689,52,729,332,0,25,505,18,835,401,359,816,54,94,0,122,293,597,435,281,519,57,11,423,124,0,456,157,15,3,401,204,459,171,87,508,797,201,10,16,1,17,266,83,171,27,25,737
"SERP1",383,892,247,36,527,134,133,847,74,444,123,172,67,159,7,2,189,10,407,160,765,708,126,59,0,131,18,531,66,298,7,121,6,209,20,456,0,43,222,51,477,107,675,22,882,73,986,236,308,106,733,175,87,592,973,86,11,969
"IGFBP1",3,574,5,179,712,85,665,694,20,949,124,290,452,404,944,439,33,88,731,398,819,931,89,391,272,345,335,516,847,341,209,568,279,68,41,157,43,0,171,12,40,287,702,175,608,362,818,693,103,43,171,701,744,463,595,60,181,74
"YIF1A",540,7,564,303,0,353,6,1,571,320,126,5,0,132,19,33,24,431,2,1,119,120,473,0,323,9,483,9,516,0,101,112,931,34,401,15,222,171,0,159,857,308,2,230,139,8,171,274,953,1,0,570,5,3,105,2,12,822
"ZBTB17",122,849,0,97,146,37,2,235,5,289,989,54,97,10,675,36,40,468,663,11,970,70,807,233,3,684,1,613,137,23,13,999,1,131,1,3,51,12,159,0,1,730,72,855,33,1,645,829,760,4,0,228,258,500,180,0,2,275
"LMNA",748,197,74,115,854,89,423,180,8,894,44,670,147,442,898,48,299,2,7,204,872,896,526,730,392,118,0,180,0,479,12,70,0,780,0,401,477,40,857,1,0,535,210,334,75,85,225,81,463,50,0,118,6,916,6,207,96,700
"WFS1",837,45,791,493,13,80,602,118,898,250,2,196,39,572,626,22,377,121,44,499,20,707,64,522,794,576,8,975,464,97,81,373,124,380,316,204,107,287,308,730,535,0,394,1000,204,215,270,743,448,32,446,22,32,465,871,96,88,809
"KDELR3",972,476,843,801,956,500,281,112,80,532,97,184,90,117,1,788,865,4,201,868,420,185,462,141,18,135,787,313,295,917,798,698,137,750,546,459,675,702,2,72,210,394,0,267,6,862,226,367,15,188,818,21,756,606,273,610,809,192
"CXCL8",35,45,147,111,3,812,7,869,759,256,557,42,117,625,2,10,204,14,1,28,978,744,295,0,225,0,251,1,245,0,720,10,758,17,252,171,22,175,230,855,334,1000,267,0,217,515,804,1,593,66,763,49,0,22,809,76,415,919
"CALR",921,197,102,107,31,263,109,459,605,0,86,377,155,138,1,986,461,638,28,403,365,339,4,450,298,451,270,19,0,86,574,902,5,95,504,87,882,608,139,33,75,204,6,217,0,394,125,153,256,488,845,525,1,160,798,263,754,166
"HYOU1",154,595,12,0,812,303,738,449,6,332,796,190,130,789,0,10,65,119,244,35,767,164,6,611,1,787,56,501,64,900,64,529,0,357,5,508,73,362,8,1,85,215,862,515,394,0,475,78,268,93,22,136,79,639,241,225,5,744
"GSK3A",387,269,610,10,382,641,83,571,232,731,96,141,545,284,9,633,529,3,830,230,841,768,571,784,42,390,776,599,729,464,739,316,960,861,244,797,986,818,171,645,225,270,226,804,125,475,0,913,378,813,739,115,738,236,557,684,672,865
"ASNS",2,134,241,290,29,4,127,961,609,709,4,3,1,985,82,359,4,490,373,102,281,629,320,154,336,1,99,55,33,54,1,38,695,40,15,201,236,693,274,829,81,743,367,1,153,78,913,0,235,2,137,773,425,128,69,4,19,75
"PREB",385,493,658,376,22,197,605,22,561,214,14,180,6,142,155,331,416,381,822,167,19,93,676,634,492,985,187,220,640,78,347,867,317,287,818,10,308,103,953,760,463,448,15,593,256,268,378,235,0,39,50,437,60,400,200,104,81,747
"SSR1",242,281,10,0,676,574,333,653,394,220,746,53,116,247,0,60,222,6,592,94,753,244,33,27,5,126,64,270,301,218,7,223,10,261,305,16,106,43,1,4,50,32,188,66,488,93,813,2,39,0,108,87,381,372,918,107,51,621
"CXXC1",108,661,0,8,110,892,217,642,48,99,527,336,900,4,66,303,107,961,921,330,34,41,497,139,2,5,0,791,62,64,314,467,0,93,0,1,733,171,0,0,0,446,818,763,845,22,739,137,50,108,0,278,20,584,430,14,60,153
"MYDGF",552,119,324,139,3,504,51,160,829,0,119,25,11,175,123,218,97,938,12,61,639,824,63,125,768,36,536,1,0,0,428,73,71,20,539,17,175,701,570,228,118,22,21,49,525,136,115,773,437,87,278,0,5,47,747,56,533,186
"PPP2R5B",0,28,162,275,924,116,447,92,959,2,995,427,145,200,57,113,158,0,233,180,184,5,352,470,238,5,586,30,0,957,714,0,532,942,747,266,87,744,5,258,6,32,756,0,1,79,738,425,60,381,20,5,0,988,457,220,297,11
"GOSR2",49,7,633,607,225,423,187,721,62,702,906,5,59,45,7,317,219,20,867,30,370,899,549,88,1,63,222,85,864,7,302,16,114,113,637,83,592,463,3,500,916,465,606,22,160,639,236,128,400,372,584,47,988,0,897,314,926,836
"ATF4",3,911,300,457,787,349,634,155,829,616,750,192,843,835,353,930,953,776,977,854,366,30,143,811,767,352,164,924,309,150,978,766,77,294,225,171,973,595,105,180,6,871,273,809,798,241,557,69,200,918,430,747,457,897,0,625,771,227
"GFPT1",74,112,2,5,670,737,701,865,10,81,704,8,282,139,0,138,803,83,357,207,469,868,4,221,0,576,27,502,135,73,249,287,1,206,45,27,86,60,2,0,207,96,610,76,263,225,684,4,104,107,14,56,220,314,625,0,522,428
"PDIA6",209,914,11,5,219,16,901,514,69,330,648,287,434,592,0,123,47,167,213,10,498,606,53,248,9,908,462,101,639,987,17,900,15,495,148,25,11,181,12,2,96,88,809,415,754,5,672,19,81,51,60,533,297,926,771,522,0,761
"ATF3",725,476,862,900,15,640,576,795,621,717,709,313,187,719,192,855,916,285,28,159,338,779,901,586,599,139,922,102,245,36,514,73,152,284,114,737,969,74,822,275,700,809,192,919,166,744,865,75,747,621,153,186,11,836,227,428,761,0
