"","CCL2","FKBP14","ACADVL","ADD1","EDEM1","HSP90B1","CUL7","WIPI1","PLA2G4B","TLN1","KLHDC3","SEC31A","XBP1","HERPUD1","DCTN1","SRPRB","HSPA5","DDX11","TATDN2","SYVN1","DNAJB11","EXTL1","ATP6V0D1","HDGF","EXTL2","CTDSP2","DDIT3","SHC1","TSPYL2","TPP1","PDIA5","EXTL3","ARFGAP1","DNAJB9","SULT1A3","DNAJC3","SERP1","IGFBP1","YIF1A","ZBTB17","LMNA","WFS1","KDELR3","CXCL8","CALR","HYOU1","GSK3A","ASNS","PREB","SSR1","CXXC1","MYDGF","PPP2R5B","GOSR2","ATF4","GFPT1","PDIA6","ATF3"
"CCL2",0,699,536,380,29,917,247,42,282,121,467,215,36,567,219,540,269,949,31,582,14,385,168,221,634,984,67,267,64,187,45,440,918,627,278,541,978,651,286,334,45,223,106,275,960,84,758,1000,124,326,762,24,515,829,100,754,354,578
"FKBP14",699,0,960,469,21,311,919,336,156,126,625,148,765,111,67,60,10,514,51,621,202,934,512,508,353,426,504,268,2,49,0,789,779,144,919,0,45,825,558,78,962,192,872,905,848,35,706,523,376,107,245,246,864,393,283,921,898,363
"ACADVL",536,960,0,719,21,131,829,894,436,672,46,840,52,295,14,660,314,523,323,529,127,523,673,607,789,629,56,254,7,30,324,494,852,259,552,175,158,959,250,672,324,314,937,867,535,9,241,987,53,444,579,711,888,208,958,883,117,439
"ADD1",380,469,719,0,663,362,876,942,872,350,791,504,67,805,64,923,105,597,217,590,320,613,443,379,762,761,521,824,798,775,296,406,699,724,227,201,387,253,38,862,389,922,118,335,521,471,227,435,927,118,609,109,221,721,31,584,547,509
"EDEM1",29,21,21,663,0,241,356,143,32,470,112,755,202,0,93,827,464,893,953,124,499,690,317,563,732,149,339,431,716,69,906,988,790,260,555,92,117,772,618,9,689,443,452,917,915,22,845,587,82,133,867,684,963,29,655,648,223,638
"HSP90B1",917,311,131,362,241,0,604,585,859,60,984,0,357,139,81,14,236,401,49,450,185,644,877,620,94,0,283,99,14,799,3,759,883,2,659,32,48,805,458,46,133,27,180,39,202,137,246,480,810,65,486,305,148,236,314,9,709,49
"CUL7",247,919,829,876,356,604,0,45,610,808,780,5,0,217,336,804,462,789,632,543,153,488,85,930,57,810,418,43,1,111,91,95,325,527,332,843,855,797,172,1,72,33,509,224,302,814,59,970,429,903,152,17,992,619,4,523,778,197
"WIPI1",42,336,894,942,143,585,45,0,110,6,87,554,14,39,75,188,281,212,164,896,476,205,73,623,714,681,177,688,729,372,0,588,163,689,495,261,983,702,69,330,907,933,42,831,572,524,433,33,784,602,444,322,906,948,391,503,914,39
"PLA2G4B",282,156,436,872,32,859,610,110,0,430,196,315,182,107,26,870,357,561,328,312,267,733,163,334,870,284,681,181,535,11,266,168,530,56,325,18,693,289,689,19,298,605,397,600,263,134,482,414,12,562,469,998,415,275,472,45,260,458
"TLN1",121,126,672,350,470,60,808,6,430,0,218,388,846,379,705,260,176,647,574,208,82,115,774,668,716,889,16,307,419,248,190,30,7,22,608,28,200,36,951,480,405,257,110,158,503,78,64,512,22,276,700,145,3,387,315,107,51,717
"KLHDC3",467,625,46,791,112,984,780,87,196,218,0,660,185,641,249,916,394,683,30,674,373,201,57,973,460,251,34,286,74,73,572,941,942,743,575,939,684,274,282,221,225,217,930,914,472,184,746,530,210,492,755,814,276,952,1,572,274,893
"SEC31A",215,148,840,504,755,0,5,554,315,388,660,0,78,453,482,656,256,818,911,649,877,143,397,641,58,26,816,118,23,933,239,28,36,5,863,48,100,82,469,21,478,88,620,894,446,19,4,888,242,10,176,281,672,26,89,2,126,974
"XBP1",36,765,52,67,202,357,0,14,182,846,185,78,0,16,17,748,413,89,429,220,133,487,112,0,225,286,98,43,369,79,972,146,838,136,921,761,708,73,370,296,174,122,698,577,909,883,228,59,83,416,244,792,109,762,3,425,238,431
"HERPUD1",567,111,295,805,0,139,217,39,107,379,641,453,16,0,35,47,12,837,15,552,12,898,283,983,347,785,96,910,120,267,98,841,812,763,159,116,93,464,387,929,885,450,211,780,531,6,444,237,289,24,646,670,441,427,140,366,445,667
"DCTN1",219,67,14,64,93,81,336,75,26,705,249,482,17,35,0,155,197,192,13,125,199,276,63,193,150,135,992,423,102,895,429,429,89,794,73,102,19,726,81,153,14,64,19,458,629,133,92,871,176,42,661,925,50,386,267,15,2,114
"SRPRB",540,60,660,923,827,14,804,188,870,260,916,656,748,47,155,0,63,618,379,763,324,785,861,346,761,10,512,634,52,159,3,994,781,288,611,60,963,444,433,216,455,761,314,421,348,18,687,406,719,547,363,262,840,328,978,632,723,363
"HSPA5",269,10,314,105,464,236,462,281,357,176,394,256,413,12,197,63,0,997,203,681,493,801,338,619,907,0,555,722,34,402,17,402,672,138,487,160,598,966,551,452,527,152,124,247,170,77,903,945,56,670,237,522,936,376,162,130,525,191
"DDX11",949,514,523,597,893,401,789,212,561,647,683,818,89,837,192,618,997,0,974,47,475,715,320,583,799,365,800,813,77,430,143,435,509,337,484,660,587,173,96,469,327,475,195,242,417,642,115,10,361,662,713,24,383,374,210,976,461,882
"TATDN2",31,51,323,217,953,49,632,164,328,574,30,911,429,15,13,379,203,974,0,163,708,918,705,379,540,579,846,548,69,209,232,828,71,85,296,228,28,496,989,45,141,986,373,35,633,371,992,909,434,372,698,842,521,213,21,763,115,962
"SYVN1",582,621,529,590,124,450,543,896,312,208,674,649,220,552,125,763,681,47,163,0,851,6,846,562,269,618,750,916,327,907,817,273,547,511,23,656,314,663,1,45,639,931,835,558,69,584,118,202,844,283,62,40,904,677,14,453,79,98
"DNAJB11",14,202,127,320,499,185,153,476,267,82,373,877,133,12,199,324,493,475,708,851,0,566,610,701,260,10,644,311,771,428,251,521,404,49,266,384,485,942,259,206,318,360,250,0,324,267,325,529,923,622,849,588,291,787,25,535,728,81
"EXTL1",385,934,523,613,690,644,488,205,733,115,201,143,487,898,276,785,801,715,918,6,566,0,359,712,74,572,774,65,275,655,687,26,538,771,826,79,566,861,906,707,661,419,414,644,676,654,12,921,131,314,472,869,22,998,635,915,960,274
"ATP6V0D1",168,512,673,443,317,877,85,73,163,774,57,397,112,283,63,861,338,320,705,846,610,359,0,672,39,265,939,924,173,291,294,714,758,992,342,180,796,707,28,693,131,503,536,421,195,555,679,987,561,972,322,216,258,889,897,638,887,90
"HDGF",221,508,607,379,563,620,930,623,334,668,973,641,0,983,193,346,619,583,379,562,701,712,672,0,542,356,759,429,91,904,738,107,367,46,922,384,560,464,161,317,180,111,227,37,98,676,104,106,537,678,67,13,243,177,467,955,401,135
"EXTL2",634,353,789,762,732,94,57,714,870,716,460,58,225,347,150,761,907,799,540,269,260,74,39,542,0,65,31,69,0,814,29,66,174,79,813,8,200,623,348,16,366,9,982,769,249,505,156,443,738,143,342,108,105,540,11,163,906,152
"CTDSP2",984,426,629,761,149,0,810,681,284,889,251,26,286,785,135,10,0,365,579,618,10,572,265,356,65,0,681,661,244,682,2,314,73,106,944,18,2,897,172,621,615,896,91,271,77,0,763,304,825,0,790,879,442,90,90,330,352,86
"DDIT3",67,504,56,521,339,283,418,177,681,16,34,816,98,96,992,512,555,800,846,750,644,774,939,759,31,681,0,602,629,136,602,82,838,871,469,745,640,715,248,819,988,202,125,691,630,672,20,345,554,473,760,379,886,95,970,65,836,584
"SHC1",267,268,254,824,431,99,43,688,181,307,286,118,43,910,423,634,722,813,548,916,311,65,924,429,69,661,602,0,693,260,911,168,223,225,19,427,762,361,318,36,956,79,437,466,760,606,95,479,873,98,966,439,899,174,74,43,168,760
"TSPYL2",64,2,7,798,716,14,1,729,535,419,74,23,369,120,102,52,34,77,69,327,771,275,173,91,0,244,629,693,0,39,462,84,0,821,112,758,29,367,749,210,28,722,32,900,947,372,236,309,201,4,244,749,400,109,874,1,9,211
"TPP1",187,49,30,775,69,799,111,372,11,248,73,933,79,267,895,159,402,430,209,907,428,655,291,904,814,682,136,260,39,0,895,708,331,553,23,286,538,933,647,747,216,351,205,951,856,158,844,662,52,345,253,117,460,186,202,198,447,858
"PDIA5",45,0,324,296,906,3,91,0,266,190,572,239,972,98,429,3,17,143,232,817,251,687,294,738,29,2,602,911,462,895,0,995,23,59,422,374,210,5,135,290,282,370,9,96,599,985,433,597,487,69,572,22,291,257,463,54,71,13
"EXTL3",440,789,494,406,988,759,95,588,168,30,941,28,146,841,429,994,402,435,828,273,521,26,714,107,66,314,82,168,84,708,995,0,491,959,182,48,253,413,707,253,395,129,45,621,585,124,109,325,271,32,263,296,44,133,19,30,83,372
"ARFGAP1",918,779,852,699,790,883,325,163,530,7,942,36,838,812,89,781,672,509,71,547,404,538,758,367,174,73,838,223,0,331,23,491,0,457,397,354,401,913,261,301,943,508,340,315,145,878,973,783,45,371,106,281,407,489,1,303,754,14
"DNAJB9",627,144,259,724,260,2,527,689,56,22,743,5,136,763,794,288,138,337,85,511,49,771,992,46,79,106,871,225,821,553,59,959,457,0,335,8,175,806,810,194,7,644,284,594,835,1,941,523,249,14,399,841,939,215,996,28,498,852
"SULT1A3",278,919,552,227,555,659,332,495,325,608,575,863,921,159,73,611,487,484,296,23,266,826,342,922,813,944,469,19,112,23,422,182,397,335,0,323,37,942,129,730,972,371,384,190,999,812,835,875,60,793,494,33,863,77,152,610,437,785
"DNAJC3",541,0,175,201,92,32,843,261,18,28,939,48,761,116,102,60,160,660,228,656,384,79,180,384,8,18,745,427,758,286,374,48,354,8,323,0,20,728,772,630,100,415,85,388,797,62,227,399,30,0,861,944,578,50,651,5,41,246
"SERP1",978,45,158,387,117,48,855,983,693,200,684,100,708,93,19,963,598,587,28,314,485,566,796,560,200,2,640,762,29,538,210,253,401,175,37,20,0,914,15,17,63,647,462,795,60,410,954,680,672,193,38,11,636,90,71,147,589,474
"IGFBP1",651,825,959,253,772,805,797,702,289,36,274,82,73,464,726,444,966,173,496,663,942,861,707,464,623,897,715,361,367,933,5,413,913,806,942,728,914,0,126,794,351,626,620,376,625,925,241,669,624,987,979,935,957,776,255,559,709,723
"YIF1A",286,558,250,38,618,458,172,69,689,951,282,469,370,387,81,433,551,96,989,1,259,906,28,161,348,172,248,318,749,647,135,707,261,810,129,772,15,126,0,392,371,271,385,446,714,354,813,235,506,317,994,163,177,253,93,153,390,204
"ZBTB17",334,78,672,862,9,46,1,330,19,480,221,21,296,929,153,216,452,469,45,45,206,707,693,317,16,621,819,36,210,747,290,253,301,194,730,630,17,794,392,0,506,834,470,451,682,348,501,155,451,36,561,435,725,209,107,9,27,85
"LMNA",45,962,324,389,689,133,72,907,298,405,225,478,174,885,14,455,527,327,141,639,318,661,131,180,366,615,988,956,28,216,282,395,943,7,972,100,63,351,371,506,0,70,519,115,54,261,292,995,635,978,885,387,255,498,674,571,390,12
"WFS1",223,192,314,922,443,27,33,933,605,257,217,88,122,450,64,761,152,475,986,931,360,419,503,111,9,896,202,79,722,351,370,129,508,644,371,415,647,626,271,834,70,0,959,258,257,288,32,570,750,444,672,795,156,916,345,83,9,805
"KDELR3",106,872,937,118,452,180,509,42,397,110,930,620,698,211,19,314,124,195,373,835,250,414,536,227,982,91,125,437,32,205,9,45,340,284,384,85,462,620,385,470,519,959,0,610,590,57,672,125,615,563,490,617,915,410,867,449,746,25
"CXCL8",275,905,867,335,917,39,224,831,600,158,914,894,577,780,458,421,247,242,35,558,0,644,421,37,769,271,691,466,900,951,96,621,315,594,190,388,795,376,446,451,115,258,610,0,800,26,963,647,39,951,193,740,996,752,468,891,317,248
"CALR",960,848,535,521,915,202,302,572,263,503,472,446,909,531,629,348,170,417,633,69,324,676,195,98,249,77,630,760,947,856,599,585,145,835,999,797,60,625,714,682,54,257,590,800,0,152,692,835,914,351,923,581,452,545,62,988,424,230
"HYOU1",84,35,9,471,22,137,814,524,134,78,184,19,883,6,133,18,77,642,371,584,267,654,555,676,505,0,672,606,372,158,985,124,878,1,812,62,410,925,354,348,261,288,57,26,152,0,42,319,745,148,885,954,233,665,64,28,191,251
"GSK3A",758,706,241,227,845,246,59,433,482,64,746,4,228,444,92,687,903,115,992,118,325,12,679,104,156,763,20,95,236,844,433,109,973,941,835,227,954,241,813,501,292,32,672,963,692,42,0,44,408,282,118,430,4,381,2,294,248,859
"ASNS",1000,523,987,435,587,480,970,33,414,512,530,888,59,237,871,406,945,10,909,202,529,921,987,106,443,304,345,479,309,662,597,325,783,523,875,399,680,669,235,155,995,570,125,647,835,319,44,0,420,947,71,49,138,823,190,872,778,320
"PREB",124,376,53,927,82,810,429,784,12,22,210,242,83,289,176,719,56,361,434,844,923,131,561,537,738,825,554,873,201,52,487,271,45,249,60,30,672,624,506,451,635,750,615,39,914,745,408,420,0,53,340,542,33,228,25,610,701,59
"SSR1",326,107,444,118,133,65,903,602,562,276,492,10,416,24,42,547,670,662,372,283,622,314,972,678,143,0,473,98,4,345,69,32,371,14,793,0,193,987,317,36,978,444,563,951,351,148,282,947,53,0,448,233,289,133,138,65,881,73
"CXXC1",762,245,579,609,867,486,152,444,469,700,755,176,244,646,661,363,237,713,698,62,849,472,322,67,342,790,760,966,244,253,572,263,106,399,494,861,38,979,994,561,885,672,490,193,923,885,118,71,340,448,0,940,66,453,308,148,337,309
"MYDGF",24,246,711,109,684,305,17,322,998,145,814,281,792,670,925,262,522,24,842,40,588,869,216,13,108,879,379,439,749,117,22,296,281,841,33,944,11,935,163,435,387,795,617,740,581,954,430,49,542,233,940,0,421,549,237,57,341,101
"PPP2R5B",515,864,888,221,963,148,992,906,415,3,276,672,109,441,50,840,936,383,521,904,291,22,258,243,105,442,886,899,400,460,291,44,407,939,863,578,636,957,177,725,255,156,915,996,452,233,4,138,33,289,66,421,0,383,5,364,147,324
"GOSR2",829,393,208,721,29,236,619,948,275,387,952,26,762,427,386,328,376,374,213,677,787,998,889,177,540,90,95,174,109,186,257,133,489,215,77,50,90,776,253,209,498,916,410,752,545,665,381,823,228,133,453,549,383,0,81,164,128,387
"ATF4",100,283,958,31,655,314,4,391,472,315,1,89,3,140,267,978,162,210,21,14,25,635,897,467,11,90,970,74,874,202,463,19,1,996,152,651,71,255,93,107,674,345,867,468,62,64,2,190,25,138,308,237,5,81,0,119,11,665
"GFPT1",754,921,883,584,648,9,523,503,45,107,572,2,425,366,15,632,130,976,763,453,535,915,638,955,163,330,65,43,1,198,54,30,303,28,610,5,147,559,153,9,571,83,449,891,988,28,294,872,610,65,148,57,364,164,119,0,933,15
"PDIA6",354,898,117,547,223,709,778,914,260,51,274,126,238,445,2,723,525,461,115,79,728,960,887,401,906,352,836,168,9,447,71,83,754,498,437,41,589,709,390,27,390,9,746,317,424,191,248,778,701,881,337,341,147,128,11,933,0,177
"ATF3",578,363,439,509,638,49,197,39,458,717,893,974,431,667,114,363,191,882,962,98,81,274,90,135,152,86,584,760,211,858,13,372,14,852,785,246,474,723,204,85,12,805,25,248,230,251,859,320,59,73,309,101,324,387,665,15,177,0
