"","CCL2","FKBP14","ACADVL","ADD1","EDEM1","HSP90B1","CUL7","WIPI1","PLA2G4B","TLN1","KLHDC3","SEC31A","XBP1","HERPUD1","DCTN1","SRPRB","HSPA5","DDX11","TATDN2","SYVN1","DNAJB11","EXTL1","ATP6V0D1","HDGF","EXTL2","CTDSP2","DDIT3","SHC1","TSPYL2","TPP1","PDIA5","EXTL3","ARFGAP1","DNAJB9","SULT1A3","DNAJC3","SERP1","IGFBP1","YIF1A","ZBTB17","LMNA","WFS1","KDELR3","CXCL8","CALR","HYOU1","GSK3A","ASNS","PREB","SSR1","CXXC1","MYDGF","PPP2R5B","GOSR2","ATF4","GFPT1","PDIA6","ATF3"
"CCL2",0,715,3,219,106,104,754,9,245,567,242,656,868,853,123,785,106,16,124,85,235,131,270,641,506,514,307,546,208,680,279,102,606,376,731,988,788,667,17,174,234,51,399,868,62,122,106,172,387,29,3,195,878,394,418,749,371,557
"FKBP14",715,0,575,61,568,93,296,465,372,170,884,448,35,121,274,76,169,59,999,32,40,881,219,396,39,406,644,785,377,905,764,54,254,535,849,501,0,79,126,814,740,861,295,399,13,71,209,475,286,808,485,23,534,759,407,221,204,679
"ACADVL",3,575,0,0,592,119,157,755,731,101,732,207,780,913,44,300,15,107,805,730,36,70,595,10,226,974,418,337,118,525,655,433,182,505,383,50,673,464,414,845,338,602,943,79,242,250,702,771,311,26,269,206,627,91,828,1,4,981
"ADD1",219,61,0,0,768,27,253,125,35,2,27,942,9,113,282,94,79,167,461,130,2,192,921,153,72,1,135,709,2,701,385,0,235,927,33,609,18,805,106,897,379,1,59,317,5,104,301,980,74,96,137,3,993,384,985,484,89,982
"EDEM1",106,568,592,768,0,750,66,10,336,701,237,4,665,202,816,74,154,0,652,513,244,996,237,80,330,311,556,37,288,231,299,889,623,84,434,828,17,3,0,2,3,61,22,93,165,551,212,847,753,765,432,84,114,927,344,484,247,26
"HSP90B1",104,93,119,27,750,0,906,339,223,40,399,2,597,38,855,826,2,569,801,590,25,103,298,231,1,8,437,536,10,194,401,577,835,10,738,121,87,687,693,848,450,369,37,176,150,543,693,745,131,170,849,181,122,726,827,98,17,65
"CUL7",754,296,157,253,66,906,0,728,471,35,28,574,334,23,409,235,389,278,66,300,685,633,12,779,956,3,999,262,985,652,568,86,932,18,615,657,13,525,206,35,472,27,892,962,37,711,982,668,996,997,492,282,539,778,662,666,188,465
"WIPI1",9,465,755,125,10,339,728,0,521,179,806,988,312,935,50,60,91,634,418,210,142,204,163,21,651,101,1000,454,195,260,214,242,373,579,96,206,64,112,25,925,12,303,776,14,48,362,16,240,676,60,57,20,93,86,3,46,13,178
"PLA2G4B",245,372,731,35,336,223,471,521,0,102,393,4,301,690,296,58,538,627,134,580,211,418,55,749,334,96,380,708,654,210,687,473,768,876,536,475,151,71,25,278,148,320,187,358,28,79,867,589,17,480,430,292,610,711,959,747,503,416
"TLN1",567,170,101,2,701,40,35,179,102,0,327,644,16,776,84,297,22,32,963,510,175,6,843,7,293,8,423,692,0,859,524,0,635,774,372,928,11,6,417,126,653,1,17,96,34,29,76,589,24,55,550,8,140,254,597,48,107,317
"KLHDC3",242,884,732,27,237,399,28,806,393,327,0,306,529,22,354,743,187,825,772,221,94,307,951,592,256,152,917,107,691,876,309,495,919,71,33,443,130,488,969,867,27,498,959,838,102,917,290,852,34,629,511,366,774,938,15,473,644,169
"SEC31A",656,448,207,942,4,2,574,988,4,644,306,0,0,4,201,0,2,493,2,5,0,926,67,3,166,531,202,105,992,880,19,165,48,456,47,49,0,507,20,618,87,915,68,848,0,0,42,384,12,112,169,4,371,228,358,27,25,123
"XBP1",868,35,780,9,665,597,334,312,301,16,529,0,0,160,94,386,283,253,590,385,545,836,604,303,7,254,970,630,17,455,645,239,292,173,515,112,874,214,935,206,54,46,426,168,296,613,947,967,421,385,438,860,249,146,213,230,806,633
"HERPUD1",853,121,913,113,202,38,23,935,690,776,22,4,160,0,257,17,28,348,759,195,7,866,73,571,24,492,154,96,85,496,787,882,40,529,980,235,57,59,11,819,53,14,180,635,16,434,191,302,268,118,506,62,260,361,115,891,8,427
"DCTN1",123,274,44,282,816,855,409,50,296,84,354,201,94,257,0,873,962,685,161,125,269,175,558,928,469,6,799,229,26,648,887,5,461,568,195,282,863,200,713,924,234,1,788,645,278,968,132,786,574,736,674,706,503,304,539,287,617,582
"SRPRB",785,76,300,94,74,826,235,60,58,297,743,0,386,17,873,0,810,375,350,4,433,20,762,55,15,55,357,215,2,224,288,157,409,2,108,15,270,214,309,214,441,93,883,509,777,434,226,533,36,783,597,998,367,93,646,308,807,851
"HSPA5",106,169,15,79,154,2,389,91,538,22,187,2,283,28,962,810,0,228,984,262,56,137,373,36,50,63,569,481,2,772,846,203,469,0,163,893,77,536,305,858,68,0,46,693,232,806,207,691,141,22,867,483,19,547,648,130,30,254
"DDX11",16,59,107,167,0,569,278,634,627,32,825,493,253,348,685,375,228,0,4,94,192,72,542,304,200,103,727,920,35,356,92,842,802,118,512,716,781,555,797,632,657,96,917,729,386,480,628,505,595,17,3,146,111,90,982,443,180,153
"TATDN2",124,999,805,461,652,801,66,418,134,963,772,2,590,759,161,350,984,4,0,755,947,561,618,626,22,751,909,712,825,592,902,902,75,31,922,582,101,39,39,0,745,409,275,956,157,579,810,774,964,480,864,335,168,440,947,822,806,20
"SYVN1",85,32,730,130,513,590,300,210,580,510,221,5,385,195,125,4,262,94,755,0,535,117,16,531,0,171,311,52,84,185,687,877,256,0,806,28,146,193,2,42,5,5,13,154,14,776,302,748,669,43,573,94,9,23,71,345,19,40
"DNAJB11",235,40,36,2,244,25,685,142,211,175,94,0,545,7,269,433,56,192,947,535,0,7,393,141,0,141,877,219,103,653,935,653,527,3,656,348,21,544,419,615,8,52,576,160,335,370,299,730,236,142,501,844,34,849,363,132,244,54
"EXTL1",131,881,70,192,996,103,633,204,418,6,307,926,836,866,175,20,137,72,561,117,7,0,864,232,961,206,273,450,27,207,495,234,61,295,394,751,33,182,72,679,664,44,323,235,20,463,91,302,54,225,40,1,162,897,320,530,51,245
"ATP6V0D1",270,219,595,921,237,298,12,163,55,843,951,67,604,73,558,762,373,542,618,16,393,864,0,409,74,448,182,645,245,856,371,291,31,305,756,125,981,430,693,379,601,127,580,723,781,360,769,140,405,552,563,84,448,394,832,630,339,728
"HDGF",641,396,10,153,80,231,779,21,749,7,592,3,303,571,928,55,36,304,626,531,141,232,409,0,18,37,558,599,138,967,318,417,768,11,21,357,525,125,410,382,463,26,155,90,204,283,71,481,470,168,95,53,102,985,49,347,106,374
"EXTL2",506,39,226,72,330,1,956,651,334,293,256,166,7,24,469,15,50,200,22,0,0,961,74,18,0,701,151,437,77,623,348,94,47,288,214,712,0,104,14,34,443,532,649,830,0,1,7,325,5,183,52,11,314,316,81,965,120,937
"CTDSP2",514,406,974,1,311,8,3,101,96,8,152,531,254,492,6,55,63,103,751,171,141,206,448,37,701,0,41,280,169,586,730,2,90,201,821,431,5,24,84,10,285,46,442,370,25,16,154,89,47,243,65,0,238,466,164,76,6,430
"DDIT3",307,644,418,135,556,437,999,1000,380,423,917,202,970,154,799,357,569,727,909,311,877,273,182,558,151,41,0,533,86,314,398,726,978,577,155,933,993,997,553,990,930,285,305,268,901,742,923,512,743,417,144,510,434,328,987,973,801,388
"SHC1",546,785,337,709,37,536,262,454,708,692,107,105,630,96,229,215,481,920,712,52,219,450,645,599,437,280,533,0,832,602,324,999,788,103,815,342,59,31,181,271,923,650,189,620,210,756,989,160,721,838,430,127,321,344,892,46,162,239
"TSPYL2",208,377,118,2,288,10,985,195,654,0,691,992,17,85,26,2,2,35,825,84,103,27,245,138,77,169,86,832,0,625,176,135,36,77,394,126,1,3,0,406,813,434,12,3,0,7,11,5,6,4,35,0,347,400,8,11,3,701
"TPP1",680,905,525,701,231,194,652,260,210,859,876,880,455,496,648,224,772,356,592,185,653,207,856,967,623,586,314,602,625,0,774,54,214,849,728,491,346,304,143,749,695,371,653,300,789,678,352,104,940,545,69,248,946,304,419,629,422,545
"PDIA5",279,764,655,385,299,401,568,214,687,524,309,19,645,787,887,288,846,92,902,687,935,495,371,318,348,730,398,324,176,774,0,806,362,66,155,363,6,534,525,669,154,635,595,857,579,440,755,192,7,211,89,854,863,549,841,4,304,690
"EXTL3",102,54,433,0,889,577,86,242,473,0,495,165,239,882,5,157,203,842,902,877,653,234,291,417,94,2,726,999,135,54,806,0,753,577,848,458,87,6,44,97,884,115,908,188,22,429,434,604,154,563,232,12,426,365,550,714,322,810
"ARFGAP1",606,254,182,235,623,835,932,373,768,635,919,48,292,40,461,409,469,802,75,256,527,61,31,768,47,90,978,788,36,214,362,753,0,2,943,276,105,176,377,183,550,1,968,217,60,654,585,479,706,783,534,791,224,729,22,995,541,241
"DNAJB9",376,535,505,927,84,10,18,579,876,774,71,456,173,529,568,2,0,118,31,0,3,295,305,11,288,201,577,103,77,849,66,577,2,0,365,27,22,52,3,69,148,24,468,142,0,1,5,64,31,0,1,9,576,14,103,6,0,238
"SULT1A3",731,849,383,33,434,738,615,96,536,372,33,47,515,980,195,108,163,512,922,806,656,394,756,21,214,821,155,815,394,728,155,848,943,365,0,815,734,657,569,751,719,143,990,642,360,174,492,443,38,137,59,392,538,299,588,2,37,706
"DNAJC3",988,501,50,609,828,121,657,206,475,928,443,49,112,235,282,15,893,716,582,28,348,751,125,357,712,431,933,342,126,491,363,458,276,27,815,0,9,117,310,539,99,40,837,945,229,361,916,893,960,561,557,163,90,689,502,523,933,887
"SERP1",788,0,673,18,17,87,13,64,151,11,130,0,874,57,863,270,77,781,101,146,21,33,981,525,0,5,993,59,1,346,6,87,105,22,734,9,0,528,206,298,45,11,133,713,547,672,585,652,94,259,981,385,209,12,731,801,345,117
"IGFBP1",667,79,464,805,3,687,525,112,71,6,488,507,214,59,200,214,536,555,39,193,544,182,430,125,104,24,997,31,3,304,534,6,176,52,657,117,528,0,440,393,142,0,369,994,103,461,274,66,404,86,48,664,133,55,4,238,416,635
"YIF1A",17,126,414,106,0,693,206,25,25,417,969,20,935,11,713,309,305,797,39,2,419,72,693,410,14,84,553,181,0,143,525,44,377,3,569,310,206,440,0,8,220,24,81,42,744,923,700,728,105,789,463,24,1,96,773,151,877,395
"ZBTB17",174,814,845,897,2,848,35,925,278,126,867,618,206,819,924,214,858,632,0,42,615,679,379,382,34,10,990,271,406,749,669,97,183,69,751,539,298,393,8,0,591,423,28,426,87,733,529,547,351,939,385,119,729,299,874,933,715,569
"LMNA",234,740,338,379,3,450,472,12,148,653,27,87,54,53,234,441,68,657,745,5,8,664,601,463,443,285,930,923,813,695,154,884,550,148,719,99,45,142,220,591,0,775,31,161,499,792,101,543,474,908,357,64,944,483,198,178,370,962
"WFS1",51,861,602,1,61,369,27,303,320,1,498,915,46,14,1,93,0,96,409,5,52,44,127,26,532,46,285,650,434,371,635,115,1,24,143,40,11,0,24,423,775,0,428,82,2,23,671,376,121,11,29,31,662,65,174,223,1,695
"KDELR3",399,295,943,59,22,37,892,776,187,17,959,68,426,180,788,883,46,917,275,13,576,323,580,155,649,442,305,189,12,653,595,908,968,468,990,837,133,369,81,28,31,428,0,17,450,978,421,142,170,264,669,99,361,672,71,394,95,966
"CXCL8",868,399,79,317,93,176,962,14,358,96,838,848,168,635,645,509,693,729,956,154,160,235,723,90,830,370,268,620,3,300,857,188,217,142,642,945,713,994,42,426,161,82,17,0,54,576,115,720,155,138,270,15,116,599,852,364,0,965
"CALR",62,13,242,5,165,150,37,48,28,34,102,0,296,16,278,777,232,386,157,14,335,20,781,204,0,25,901,210,0,789,579,22,60,0,360,229,547,103,744,87,499,2,450,54,0,265,692,442,27,108,454,760,2,426,408,205,32,836
"HYOU1",122,71,250,104,551,543,711,362,79,29,917,0,613,434,968,434,806,480,579,776,370,463,360,283,1,16,742,756,7,678,440,429,654,1,174,361,672,461,923,733,792,23,978,576,265,0,496,294,71,154,767,398,7,849,924,365,549,179
"GSK3A",106,209,702,301,212,693,982,16,867,76,290,42,947,191,132,226,207,628,810,302,299,91,769,71,7,154,923,989,11,352,755,434,585,5,492,916,585,274,700,529,101,671,421,115,692,496,0,963,455,345,279,286,246,495,411,344,139,761
"ASNS",172,475,771,980,847,745,668,240,589,589,852,384,967,302,786,533,691,505,774,748,730,302,140,481,325,89,512,160,5,104,192,604,479,64,443,893,652,66,728,547,543,376,142,720,442,294,963,0,174,115,725,156,376,269,996,994,382,623
"PREB",387,286,311,74,753,131,996,676,17,24,34,12,421,268,574,36,141,595,964,669,236,54,405,470,5,47,743,721,6,940,7,154,706,31,38,960,94,404,105,351,474,121,170,155,27,71,455,174,0,227,745,151,26,754,651,122,154,52
"SSR1",29,808,26,96,765,170,997,60,480,55,629,112,385,118,736,783,22,17,480,43,142,225,552,168,183,243,417,838,4,545,211,563,783,0,137,561,259,86,789,939,908,11,264,138,108,154,345,115,227,0,290,159,173,575,766,31,20,983
"CXXC1",3,485,269,137,432,849,492,57,430,550,511,169,438,506,674,597,867,3,864,573,501,40,563,95,52,65,144,430,35,69,89,232,534,1,59,557,981,48,463,385,357,29,669,270,454,767,279,725,745,290,0,747,17,952,590,28,730,548
"MYDGF",195,23,206,3,84,181,282,20,292,8,366,4,860,62,706,998,483,146,335,94,844,1,84,53,11,0,510,127,0,248,854,12,791,9,392,163,385,664,24,119,64,31,99,15,760,398,286,156,151,159,747,0,0,62,472,68,101,382
"PPP2R5B",878,534,627,993,114,122,539,93,610,140,774,371,249,260,503,367,19,111,168,9,34,162,448,102,314,238,434,321,347,946,863,426,224,576,538,90,209,133,1,729,944,662,361,116,2,7,246,376,26,173,17,0,0,396,235,369,3,524
"GOSR2",394,759,91,384,927,726,778,86,711,254,938,228,146,361,304,93,547,90,440,23,849,897,394,985,316,466,328,344,400,304,549,365,729,14,299,689,12,55,96,299,483,65,672,599,426,849,495,269,754,575,952,62,396,0,512,923,230,53
"ATF4",418,407,828,985,344,827,662,3,959,597,15,358,213,115,539,646,648,982,947,71,363,320,832,49,81,164,987,892,8,419,841,550,22,103,588,502,731,4,773,874,198,174,71,852,408,924,411,996,651,766,590,472,235,512,0,574,43,6
"GFPT1",749,221,1,484,484,98,666,46,747,48,473,27,230,891,287,308,130,443,822,345,132,530,630,347,965,76,973,46,11,629,4,714,995,6,2,523,801,238,151,933,178,223,394,364,205,365,344,994,122,31,28,68,369,923,574,0,109,741
"PDIA6",371,204,4,89,247,17,188,13,503,107,644,25,806,8,617,807,30,180,806,19,244,51,339,106,120,6,801,162,3,422,304,322,541,0,37,933,345,416,877,715,370,1,95,0,32,549,139,382,154,20,730,101,3,230,43,109,0,921
"ATF3",557,679,981,982,26,65,465,178,416,317,169,123,633,427,582,851,254,153,20,40,54,245,728,374,937,430,388,239,701,545,690,810,241,238,706,887,117,635,395,569,962,695,966,965,836,179,761,623,52,983,548,382,524,53,6,741,921,0
