"","CCL2","FKBP14","ACADVL","ADD1","EDEM1","HSP90B1","CUL7","WIPI1","PLA2G4B","TLN1","KLHDC3","SEC31A","XBP1","HERPUD1","DCTN1","SRPRB","HSPA5","DDX11","TATDN2","SYVN1","DNAJB11","EXTL1","ATP6V0D1","HDGF","EXTL2","CTDSP2","DDIT3","SHC1","TSPYL2","TPP1","PDIA5","EXTL3","ARFGAP1","DNAJB9","SULT1A3","DNAJC3","SERP1","IGFBP1","YIF1A","ZBTB17","LMNA","WFS1","KDELR3","CXCL8","CALR","HYOU1","GSK3A","ASNS","PREB","SSR1","CXXC1","MYDGF","PPP2R5B","GOSR2","ATF4","GFPT1","PDIA6","ATF3"
"CCL2",0,179,575,415,797,681,519,722,849,617,205,198,301,125,318,656,955,696,596,852,326,677,997,700,235,845,990,50,916,293,927,992,668,930,538,801,78,911,778,318,633,779,132,35,220,909,503,86,772,913,256,898,115,959,694,256,624,897
"FKBP14",179,0,774,761,273,194,63,258,752,415,120,671,188,50,218,53,71,5,511,752,285,391,894,251,47,385,319,721,517,767,197,99,8,150,741,795,104,639,759,520,388,466,294,671,715,10,255,889,111,476,6,822,530,94,698,4,378,425
"ACADVL",575,774,0,274,94,856,24,156,417,166,525,63,842,180,348,513,709,303,13,104,867,36,25,48,234,45,426,442,642,168,490,693,300,886,5,308,13,556,212,319,538,38,425,720,933,943,171,0,958,67,189,135,111,53,18,6,706,984
"ADD1",415,761,274,0,56,9,52,58,567,138,138,60,43,7,16,90,14,102,25,437,188,116,49,27,261,183,14,489,28,272,97,116,393,28,21,829,948,607,668,268,293,259,67,328,177,8,765,2,82,702,717,775,433,597,8,0,529,200
"EDEM1",797,273,94,56,0,770,157,48,222,889,338,867,18,961,515,546,322,287,651,418,334,584,871,612,992,984,933,997,79,253,830,285,643,684,396,516,923,21,283,656,437,977,46,426,333,113,692,804,396,369,809,226,362,880,120,88,920,829
"HSP90B1",681,194,856,9,770,0,233,519,91,259,46,612,301,751,827,363,517,632,448,998,19,112,472,535,581,83,574,38,624,560,32,6,359,657,738,801,341,105,210,526,39,12,221,478,603,226,47,698,189,495,562,476,58,159,860,509,520,459
"CUL7",519,63,24,52,157,233,0,212,75,170,704,960,3,200,601,32,0,143,579,985,356,457,724,45,967,247,138,609,126,556,484,5,470,3,755,4,645,580,469,806,136,620,120,702,839,0,934,312,86,18,973,977,217,178,177,3,175,353
"WIPI1",722,258,156,58,48,519,212,0,208,711,637,2,307,600,341,650,886,706,59,156,558,42,331,108,102,184,944,116,887,316,304,557,138,835,954,662,92,112,69,475,287,80,18,698,607,316,713,788,980,357,440,516,241,14,533,712,976,874
"PLA2G4B",849,752,417,567,222,91,75,208,0,47,610,343,487,84,932,223,157,286,70,400,121,72,61,57,805,59,621,932,555,111,766,557,384,244,9,951,987,339,769,500,544,24,435,518,346,194,488,1,739,880,768,508,66,359,3,81,610,586
"TLN1",617,415,166,138,889,259,170,711,47,0,936,457,125,557,34,622,81,233,520,759,277,166,803,596,127,235,592,494,191,410,495,466,723,171,762,22,752,452,541,414,108,159,22,218,318,7,942,857,359,672,542,740,666,609,771,360,320,581
"KLHDC3",205,120,525,138,338,46,704,637,610,936,0,614,169,814,186,7,0,157,937,789,759,623,705,756,710,627,40,68,338,753,18,8,154,12,134,99,236,174,95,78,943,61,923,561,778,28,751,109,15,529,169,236,689,327,106,13,250,236
"SEC31A",198,671,63,60,867,612,960,2,343,457,614,0,264,78,61,53,113,72,456,248,839,585,42,815,357,564,217,403,509,859,672,46,639,8,796,639,505,132,148,972,39,88,3,278,179,6,138,718,383,192,37,162,82,785,529,88,506,1000
"XBP1",301,188,842,43,18,301,3,307,487,125,169,264,0,209,348,525,961,707,15,243,401,3,118,71,30,38,252,274,476,795,945,994,84,237,86,682,42,660,308,756,698,4,548,847,472,110,89,34,257,388,55,368,247,84,25,77,131,641
"HERPUD1",125,50,180,7,961,751,200,600,84,557,814,78,209,0,438,437,763,643,606,587,745,160,188,774,24,168,239,1,78,619,750,599,344,919,913,910,129,339,219,12,37,744,5,685,706,907,869,425,308,469,545,396,597,374,111,746,282,40
"DCTN1",318,218,348,16,515,827,601,341,932,34,186,61,348,438,0,799,633,895,399,79,929,266,773,484,293,693,573,74,131,875,820,735,822,206,742,280,702,558,399,423,171,457,285,777,620,806,278,116,764,260,463,643,284,495,471,979,686,625
"SRPRB",656,53,513,90,546,363,32,650,223,622,7,53,525,437,799,0,84,77,74,618,748,103,484,114,221,134,512,312,57,753,919,490,15,365,204,603,130,492,727,50,821,137,708,502,720,134,90,192,88,248,33,592,158,31,761,730,954,206
"HSPA5",955,71,709,14,322,517,0,886,157,81,0,113,961,763,633,84,0,332,31,838,142,2,126,256,38,1,758,24,90,737,65,0,155,656,903,259,81,233,266,65,252,3,547,694,419,571,138,638,315,142,111,465,5,65,727,703,651,412
"DDX11",696,5,303,102,287,632,143,706,286,233,157,72,707,643,895,77,332,0,362,494,852,195,966,426,171,325,765,894,235,713,117,21,79,358,396,907,181,350,957,482,901,51,749,308,958,815,180,812,763,254,450,336,181,362,686,434,641,853
"TATDN2",596,511,13,25,651,448,579,59,70,520,937,456,15,606,399,74,31,362,0,271,988,126,744,90,136,791,230,772,223,374,670,19,936,136,906,22,946,193,62,897,171,347,33,867,595,18,928,681,374,71,937,471,151,783,765,99,813,458
"SYVN1",852,752,104,437,418,998,985,156,400,759,789,248,243,587,79,618,838,494,271,0,658,277,34,57,108,173,714,14,60,606,358,457,418,532,129,441,852,176,423,880,436,21,16,648,34,71,192,789,174,469,50,69,33,124,579,350,166,812
"DNAJB11",326,285,867,188,334,19,356,558,121,277,759,839,401,745,929,748,142,852,988,658,0,828,752,817,872,11,950,417,725,813,568,62,792,426,751,701,111,106,411,880,52,143,73,750,899,8,489,739,290,741,704,846,408,764,64,920,419,263
"EXTL1",677,391,36,116,584,112,457,42,72,166,623,585,3,160,266,103,2,195,126,277,828,0,196,156,876,381,83,985,29,397,606,6,975,3,442,163,778,485,552,498,221,276,53,405,400,5,371,56,69,256,573,974,289,391,253,1,413,639
"ATP6V0D1",997,894,25,49,871,472,724,331,61,803,705,42,118,188,773,484,126,966,744,34,752,196,0,89,253,390,543,714,881,481,776,228,336,491,973,133,334,751,233,906,808,858,50,336,977,60,616,497,384,552,484,695,882,844,932,547,269,323
"HDGF",700,251,48,27,612,535,45,108,57,596,756,815,71,774,484,114,256,426,90,57,817,156,89,0,137,750,272,604,494,541,402,208,767,160,706,282,780,569,61,370,559,588,338,911,926,153,980,323,729,486,108,589,529,801,113,54,630,754
"EXTL2",235,47,234,261,992,581,967,102,805,127,710,357,30,24,293,221,38,171,136,108,872,876,253,137,0,868,616,697,30,947,437,16,564,45,293,189,316,690,574,935,219,402,169,592,251,21,679,870,138,615,714,619,9,744,869,22,680,905
"CTDSP2",845,385,45,183,984,83,247,184,59,235,627,564,38,168,693,134,1,325,791,173,11,381,390,750,868,0,24,211,167,759,503,13,596,196,513,2,508,779,651,792,769,618,324,830,775,0,836,670,164,43,677,417,808,303,164,34,79,284
"DDIT3",990,319,426,14,933,574,138,944,621,592,40,217,252,239,573,512,758,765,230,714,950,83,543,272,616,24,0,423,985,505,109,344,411,784,823,405,819,7,15,170,103,12,139,36,69,192,33,647,132,313,142,284,476,121,237,746,321,627
"SHC1",50,721,442,489,997,38,609,116,932,494,68,403,274,1,74,312,24,894,772,14,417,985,714,604,697,211,423,0,818,596,336,6,919,311,757,844,985,890,610,995,959,74,42,333,860,147,160,931,223,883,578,865,897,339,988,17,92,231
"TSPYL2",916,517,642,28,79,624,126,887,555,191,338,509,476,78,131,57,90,235,223,60,725,29,881,494,30,167,985,818,0,59,106,115,577,8,502,329,340,341,4,41,346,34,705,219,643,9,70,840,6,241,18,835,60,187,829,90,397,642
"TPP1",293,767,168,272,253,560,556,316,111,410,753,859,795,619,875,753,737,713,374,606,813,397,481,541,947,759,505,596,59,0,157,809,303,741,275,192,710,289,341,971,996,148,108,248,962,95,419,472,565,261,785,583,466,295,973,460,651,457
"PDIA5",927,197,490,97,830,32,484,304,766,495,18,672,945,750,820,919,65,117,670,358,568,606,776,402,437,503,109,336,106,157,0,537,287,349,996,848,115,272,158,430,564,119,517,748,695,570,543,442,89,995,122,153,912,246,653,115,409,347
"EXTL3",992,99,693,116,285,6,5,557,557,466,8,46,994,599,735,490,0,21,19,457,62,6,228,208,16,13,344,6,115,809,537,0,27,447,260,172,51,592,36,632,737,30,851,453,158,21,279,980,19,92,30,244,839,6,834,2,34,472
"ARFGAP1",668,8,300,393,643,359,470,138,384,723,154,639,84,344,822,15,155,79,936,418,792,975,336,767,564,596,411,919,577,303,287,27,0,76,895,388,179,377,269,122,564,871,334,360,968,156,101,406,89,229,141,172,808,467,575,42,638,949
"DNAJB9",930,150,886,28,684,657,3,835,244,171,12,8,237,919,206,365,656,358,136,532,426,3,491,160,45,196,784,311,8,741,349,447,76,0,598,880,59,813,471,32,837,67,749,649,430,444,88,563,215,376,3,726,7,148,696,446,854,759
"SULT1A3",538,741,5,21,396,738,755,954,9,762,134,796,86,913,742,204,903,396,906,129,751,442,973,706,293,513,823,757,502,275,996,260,895,598,0,585,471,903,128,974,211,127,245,127,90,31,421,425,975,659,696,892,707,237,480,369,701,313
"DNAJC3",801,795,308,829,516,801,4,662,951,22,99,639,682,910,280,603,259,907,22,441,701,163,133,282,189,2,405,844,329,192,848,172,388,880,585,0,423,901,670,415,525,254,391,473,484,943,275,45,696,378,218,851,4,587,150,704,515,995
"SERP1",78,104,13,948,923,341,645,92,987,752,236,505,42,129,702,130,81,181,946,852,111,778,334,780,316,508,819,985,340,710,115,51,179,59,471,423,0,18,348,840,594,965,235,86,94,9,379,807,33,341,361,741,688,80,930,32,984,912
"IGFBP1",911,639,556,607,21,105,580,112,339,452,174,132,660,339,558,492,233,350,193,176,106,485,751,569,690,779,7,890,341,289,272,592,377,813,903,901,18,0,309,901,167,962,999,587,183,557,768,760,440,952,653,189,291,431,80,465,215,187
"YIF1A",778,759,212,668,283,210,469,69,769,541,95,148,308,219,399,727,266,957,62,423,411,552,233,61,574,651,15,610,4,341,158,36,269,471,128,670,348,309,0,111,415,420,123,50,613,23,977,932,523,653,978,523,554,686,213,321,743,214
"ZBTB17",318,520,319,268,656,526,806,475,500,414,78,972,756,12,423,50,65,482,897,880,880,498,906,370,935,792,170,995,41,971,430,632,122,32,974,415,840,901,111,0,882,566,259,112,633,34,727,4,128,296,599,973,435,463,511,125,477,884
"LMNA",633,388,538,293,437,39,136,287,544,108,943,39,698,37,171,821,252,901,171,436,52,221,808,559,219,769,103,959,346,996,564,737,564,837,211,525,594,167,415,882,0,906,721,711,59,109,168,704,290,512,480,7,153,997,170,505,1,170
"WFS1",779,466,38,259,977,12,620,80,24,159,61,88,4,744,457,137,3,51,347,21,143,276,858,588,402,618,12,74,34,148,119,30,871,67,127,254,965,962,420,566,906,0,566,688,919,14,664,12,157,231,607,173,889,620,133,0,21,69
"KDELR3",132,294,425,67,46,221,120,18,435,22,923,3,548,5,285,708,547,749,33,16,73,53,50,338,169,324,139,42,705,108,517,851,334,749,245,391,235,999,123,259,721,566,0,709,532,261,173,336,842,131,538,896,56,278,58,130,721,554
"CXCL8",35,671,720,328,426,478,702,698,518,218,561,278,847,685,777,502,694,308,867,648,750,405,336,911,592,830,36,333,219,248,748,453,360,649,127,473,86,587,50,112,711,688,709,0,276,353,790,98,280,694,248,918,518,817,367,329,948,91
"CALR",220,715,933,177,333,603,839,607,346,318,778,179,472,706,620,720,419,958,595,34,899,400,977,926,251,775,69,860,643,962,695,158,968,430,90,484,94,183,613,633,59,919,532,276,0,501,482,904,518,624,906,789,786,486,16,927,218,100
"HYOU1",909,10,943,8,113,226,0,316,194,7,28,6,110,907,806,134,571,815,18,71,8,5,60,153,21,0,192,147,9,95,570,21,156,444,31,943,9,557,23,34,109,14,261,353,501,0,77,534,881,29,337,868,0,8,84,491,757,951
"GSK3A",503,255,171,765,692,47,934,713,488,942,751,138,89,869,278,90,138,180,928,192,489,371,616,980,679,836,33,160,70,419,543,279,101,88,421,275,379,768,977,727,168,664,173,790,482,77,0,155,238,523,673,971,334,595,40,50,525,251
"ASNS",86,889,0,2,804,698,312,788,1,857,109,718,34,425,116,192,638,812,681,789,739,56,497,323,870,670,647,931,840,472,442,980,406,563,425,45,807,760,932,4,704,12,336,98,904,534,155,0,204,385,316,668,558,836,913,130,595,310
"PREB",772,111,958,82,396,189,86,980,739,359,15,383,257,308,764,88,315,763,374,174,290,69,384,729,138,164,132,223,6,565,89,19,89,215,975,696,33,440,523,128,290,157,842,280,518,881,238,204,0,176,381,472,18,98,752,53,671,375
"SSR1",913,476,67,702,369,495,18,357,880,672,529,192,388,469,260,248,142,254,71,469,741,256,552,486,615,43,313,883,241,261,995,92,229,376,659,378,341,952,653,296,512,231,131,694,624,29,523,385,176,0,84,902,32,249,351,439,903,325
"CXXC1",256,6,189,717,809,562,973,440,768,542,169,37,55,545,463,33,111,450,937,50,704,573,484,108,714,677,142,578,18,785,122,30,141,3,696,218,361,653,978,599,480,607,538,248,906,337,673,316,381,84,0,368,142,207,221,51,933,772
"MYDGF",898,822,135,775,226,476,977,516,508,740,236,162,368,396,643,592,465,336,471,69,846,974,695,589,619,417,284,865,835,583,153,244,172,726,892,851,741,189,523,973,7,173,896,918,789,868,971,668,472,902,368,0,743,910,976,713,127,42
"PPP2R5B",115,530,111,433,362,58,217,241,66,666,689,82,247,597,284,158,5,181,151,33,408,289,882,529,9,808,476,897,60,466,912,839,808,7,707,4,688,291,554,435,153,889,56,518,786,0,334,558,18,32,142,743,0,178,912,331,423,975
"GOSR2",959,94,53,597,880,159,178,14,359,609,327,785,84,374,495,31,65,362,783,124,764,391,844,801,744,303,121,339,187,295,246,6,467,148,237,587,80,431,686,463,997,620,278,817,486,8,595,836,98,249,207,910,178,0,269,2,481,367
"ATF4",694,698,18,8,120,860,177,533,3,771,106,529,25,111,471,761,727,686,765,579,64,253,932,113,869,164,237,988,829,973,653,834,575,696,480,150,930,80,213,511,170,133,58,367,16,84,40,913,752,351,221,976,912,269,0,662,940,396
"GFPT1",256,4,6,0,88,509,3,712,81,360,13,88,77,746,979,730,703,434,99,350,920,1,547,54,22,34,746,17,90,460,115,2,42,446,369,704,32,465,321,125,505,0,130,329,927,491,50,130,53,439,51,713,331,2,662,0,248,818
"PDIA6",624,378,706,529,920,520,175,976,610,320,250,506,131,282,686,954,651,641,813,166,419,413,269,630,680,79,321,92,397,651,409,34,638,854,701,515,984,215,743,477,1,21,721,948,218,757,525,595,671,903,933,127,423,481,940,248,0,86
"ATF3",897,425,984,200,829,459,353,874,586,581,236,1000,641,40,625,206,412,853,458,812,263,639,323,754,905,284,627,231,642,457,347,472,949,759,313,995,912,187,214,884,170,69,554,91,100,951,251,310,375,325,772,42,975,367,396,818,86,0
