"","CCL2","FKBP14","ACADVL","ADD1","EDEM1","HSP90B1","CUL7","WIPI1","PLA2G4B","TLN1","KLHDC3","SEC31A","XBP1","HERPUD1","DCTN1","SRPRB","HSPA5","DDX11","TATDN2","SYVN1","DNAJB11","EXTL1","ATP6V0D1","HDGF","EXTL2","CTDSP2","DDIT3","SHC1","TSPYL2","TPP1","PDIA5","EXTL3","ARFGAP1","DNAJB9","SULT1A3","DNAJC3","SERP1","IGFBP1","YIF1A","ZBTB17","LMNA","WFS1","KDELR3","CXCL8","CALR","HYOU1","GSK3A","ASNS","PREB","SSR1","CXXC1","MYDGF","PPP2R5B","GOSR2","ATF4","GFPT1","PDIA6","ATF3"
"CCL2",0,909,476,262,638,708,81,576,605,692,993,902,226,312,773,917,537,277,658,697,650,24,803,473,574,346,448,793,106,805,752,566,43,517,723,959,790,198,552,381,985,640,437,113,595,994,628,265,200,834,32,967,410,366,906,325,584,835
"FKBP14",909,0,254,688,299,143,156,136,237,2,951,141,559,365,230,33,490,785,10,81,420,307,144,984,6,134,440,32,1,38,66,137,234,27,181,267,17,698,17,39,517,543,13,795,822,94,694,402,980,17,277,812,298,50,511,187,450,774
"ACADVL",476,254,0,542,718,166,628,864,552,86,905,114,525,320,150,358,311,525,745,802,745,220,57,853,210,849,796,72,2,448,615,997,505,134,502,357,391,496,17,136,175,804,14,558,850,370,778,755,517,238,18,900,203,931,511,894,614,126
"ADD1",262,688,542,0,0,290,429,108,224,51,504,155,1,844,906,703,967,2,1,464,681,79,46,396,63,38,179,200,81,430,429,205,333,317,744,311,88,699,8,699,624,954,46,24,785,512,158,986,21,20,437,52,2,10,210,175,888,603
"EDEM1",638,299,718,0,0,90,513,238,337,41,551,44,60,29,84,613,0,30,425,19,258,853,58,0,60,491,108,125,594,73,303,31,234,58,852,61,682,18,980,966,153,0,302,241,0,302,12,51,16,243,419,6,33,378,296,235,57,567
"HSP90B1",708,143,166,290,90,0,295,161,601,118,985,72,230,0,263,709,2,5,614,2,476,25,5,130,167,904,348,3,0,184,286,11,998,39,615,14,255,367,199,46,1,28,773,85,889,574,774,862,1,517,0,741,674,946,19,603,127,121
"CUL7",81,156,628,429,513,295,0,54,638,83,716,43,164,7,147,77,76,45,930,91,871,77,32,385,25,272,66,3,0,274,408,98,968,19,313,12,3,468,60,1,3,604,131,920,947,116,690,981,5,516,0,619,591,398,203,363,369,655
"WIPI1",576,136,864,108,238,161,54,0,502,70,360,435,748,90,80,96,369,606,804,42,359,888,494,899,78,123,912,151,4,214,13,81,126,214,268,931,34,253,226,185,89,466,92,892,989,606,994,228,176,192,381,876,546,633,136,201,417,11
"PLA2G4B",605,237,552,224,337,601,638,502,0,36,39,365,867,961,482,313,405,671,88,773,340,482,113,534,249,608,137,708,265,516,363,833,53,678,284,834,56,199,510,461,904,49,506,599,833,186,86,515,238,349,341,669,85,841,268,629,850,417
"TLN1",692,2,86,51,41,118,83,70,36,0,508,197,563,550,57,0,119,87,608,193,999,20,514,466,321,6,230,3,2,95,14,278,66,45,18,44,1,444,768,3,18,391,2,456,764,47,708,529,134,302,19,279,109,76,546,38,84,39
"KLHDC3",993,951,905,504,551,985,716,360,39,508,0,517,907,929,767,964,200,77,608,559,410,159,711,638,423,941,85,794,476,399,336,571,622,901,329,946,343,444,32,137,383,985,88,31,782,944,849,686,103,357,46,112,177,651,990,378,819,907
"SEC31A",902,141,114,155,44,72,43,435,365,197,517,0,339,509,151,23,206,59,421,130,737,386,479,655,40,68,264,34,5,228,8,72,260,123,340,673,0,958,777,24,112,511,0,956,925,157,564,736,196,148,27,428,798,806,170,80,470,433
"XBP1",226,559,525,1,60,230,164,748,867,563,907,339,0,11,356,157,56,38,6,24,191,928,858,0,744,667,367,555,39,748,121,58,333,100,843,222,685,399,108,79,491,11,1000,27,0,770,10,259,12,477,645,6,11,860,967,467,225,703
"HERPUD1",312,365,320,844,29,0,7,90,961,550,929,509,11,0,713,11,13,539,54,33,945,603,78,246,267,388,109,997,151,302,0,86,42,630,851,71,0,953,469,30,6,577,22,636,206,4,105,709,233,206,72,152,650,510,18,163,3,3
"DCTN1",773,230,150,906,84,263,147,80,482,57,767,151,356,713,0,50,219,108,4,525,669,946,26,560,8,133,564,205,18,195,364,959,14,259,575,255,12,578,73,738,825,759,575,5,401,266,387,782,50,39,712,960,33,7,905,31,185,897
"SRPRB",917,33,358,703,613,709,77,96,313,0,964,23,157,11,50,0,160,870,13,3,69,921,0,250,1,20,567,4,0,7,533,258,722,4,34,31,6,481,29,112,502,680,204,722,351,718,158,924,549,10,322,48,27,25,297,63,211,983
"HSPA5",537,490,311,967,0,2,76,369,405,119,200,206,56,13,219,160,0,1,592,1,235,235,65,276,737,207,398,18,47,422,8,28,52,90,184,11,0,911,759,13,10,838,104,90,481,8,293,951,5,407,10,255,934,474,13,367,5,129
"DDX11",277,785,525,2,30,5,45,606,671,87,77,59,38,539,108,870,1,0,84,118,363,877,120,39,76,528,12,869,360,185,4,55,692,376,556,88,650,63,363,934,79,2,427,230,0,59,38,2,90,69,995,1,56,213,161,153,2,235
"TATDN2",658,10,745,1,425,614,930,804,88,608,608,421,6,54,4,13,592,84,0,566,260,706,426,0,963,491,719,375,90,626,879,495,12,908,127,303,699,121,704,293,731,57,108,48,0,911,32,61,150,931,767,64,0,569,912,704,752,958
"SYVN1",697,81,802,464,19,2,91,42,773,193,559,130,24,33,525,3,1,118,566,0,975,119,8,948,508,448,36,61,4,115,0,43,133,105,842,14,0,700,322,38,3,178,17,777,526,0,429,384,432,476,17,67,523,704,182,175,43,96
"DNAJB11",650,420,745,681,258,476,871,359,340,999,410,737,191,945,669,69,235,363,260,975,0,904,674,657,993,865,151,826,405,526,277,568,638,733,811,561,650,373,273,824,44,9,110,721,6,315,753,76,326,731,905,2,830,685,224,500,152,134
"EXTL1",24,307,220,79,853,25,77,888,482,20,159,386,928,603,946,921,235,877,706,119,904,0,14,562,499,156,724,746,807,234,283,291,338,595,761,178,282,893,240,421,694,397,151,782,696,8,761,85,222,392,390,331,979,815,44,795,58,638
"ATP6V0D1",803,144,57,46,58,5,32,494,113,514,711,479,858,78,26,0,65,120,426,8,674,14,0,458,955,22,536,148,606,17,11,40,8,93,40,31,31,78,251,10,2,971,31,938,951,4,996,319,5,168,34,176,600,160,31,77,2,0
"HDGF",473,984,853,396,0,130,385,899,534,466,638,655,0,246,560,250,276,39,0,948,657,562,458,0,458,632,278,779,106,713,40,325,227,835,188,471,602,551,412,526,31,16,230,626,30,482,469,271,135,754,98,8,29,840,430,665,233,1
"EXTL2",574,6,210,63,60,167,25,78,249,321,423,40,744,267,8,1,737,76,963,508,993,499,955,458,0,89,795,36,3,171,9,150,395,87,260,145,0,364,115,7,89,563,0,243,932,216,837,617,119,67,6,440,350,383,296,7,474,85
"CTDSP2",346,134,849,38,491,904,272,123,608,6,941,68,667,388,133,20,207,528,491,448,865,156,22,632,89,0,829,13,0,247,99,418,155,90,453,215,0,756,146,62,51,318,145,520,628,255,982,711,818,16,18,736,120,52,671,130,316,885
"DDIT3",448,440,796,179,108,348,66,912,137,230,85,264,367,109,564,567,398,12,719,36,151,724,536,278,795,829,0,159,381,546,221,67,909,262,483,216,672,477,336,195,2,39,188,45,129,223,355,602,1,541,85,91,529,621,1,853,688,349
"SHC1",793,32,72,200,125,3,3,151,708,3,794,34,555,997,205,4,18,869,375,61,826,746,148,779,36,13,159,0,29,2,0,47,6,108,564,57,0,490,442,11,234,596,6,625,345,3,926,761,883,4,748,316,864,26,22,1,5,167
"TSPYL2",106,1,2,81,594,0,0,4,265,2,476,5,39,151,18,0,47,360,90,4,405,807,606,106,3,0,381,29,0,2,0,7,3,29,170,4,0,106,203,10,87,68,1,0,824,1,343,641,591,3,285,214,271,3,15,1,4,0
"TPP1",805,38,448,430,73,184,274,214,516,95,399,228,748,302,195,7,422,185,626,115,526,234,17,713,171,247,546,2,2,0,21,731,50,91,196,302,7,854,226,4,60,606,39,777,940,205,431,773,527,123,50,709,427,358,97,110,493,863
"PDIA5",752,66,615,429,303,286,408,13,363,14,336,8,121,0,364,533,8,4,879,0,277,283,11,40,9,99,221,0,0,21,0,22,938,4,286,2,11,995,40,8,212,670,245,472,913,276,182,695,40,122,3,434,263,199,413,165,77,643
"EXTL3",566,137,997,205,31,11,98,81,833,278,571,72,58,86,959,258,28,55,495,43,568,291,40,325,150,418,67,47,7,731,22,0,88,328,990,21,6,567,922,114,5,38,8,703,337,13,175,990,39,740,68,192,644,759,10,307,55,500
"ARFGAP1",43,234,505,333,234,998,968,126,53,66,622,260,333,42,14,722,52,692,12,133,638,338,8,227,395,155,909,6,3,50,938,88,0,24,5,108,262,176,39,237,414,90,204,519,145,399,508,464,454,145,718,205,60,241,703,325,307,482
"DNAJB9",517,27,134,317,58,39,19,214,678,45,901,123,100,630,259,4,90,376,908,105,733,595,93,835,87,90,262,108,29,91,4,328,24,0,398,45,0,607,741,97,13,963,1,928,810,46,505,825,511,80,239,325,931,107,30,32,21,208
"SULT1A3",723,181,502,744,852,615,313,268,284,18,329,340,843,851,575,34,184,556,127,842,811,761,40,188,260,453,483,564,170,196,286,990,5,398,0,584,70,277,374,867,503,673,308,479,438,108,253,959,158,89,715,643,132,79,370,220,394,786
"DNAJC3",959,267,357,311,61,14,12,931,834,44,946,673,222,71,255,31,11,88,303,14,561,178,31,471,145,215,216,57,4,302,2,21,108,45,584,0,1,959,819,92,13,889,52,447,755,32,517,855,143,167,78,262,806,758,105,598,18,186
"SERP1",790,17,391,88,682,255,3,34,56,1,343,0,685,0,12,6,0,650,699,0,650,282,31,602,0,0,672,0,0,7,11,6,262,0,70,1,0,761,28,0,15,65,3,594,860,669,956,465,19,3,0,993,133,4,709,6,1,630
"IGFBP1",198,698,496,699,18,367,468,253,199,444,444,958,399,953,578,481,911,63,121,700,373,893,78,551,364,756,477,490,106,854,995,567,176,607,277,959,761,0,79,377,341,999,553,835,216,575,413,740,195,983,142,398,142,804,413,762,951,20
"YIF1A",552,17,17,8,980,199,60,226,510,768,32,777,108,469,73,29,759,363,704,322,273,240,251,412,115,146,336,442,203,226,40,922,39,741,374,819,28,79,0,353,829,202,0,0,329,330,515,353,432,145,609,667,1,246,183,28,442,692
"ZBTB17",381,39,136,699,966,46,1,185,461,3,137,24,79,30,738,112,13,934,293,38,824,421,10,526,7,62,195,11,10,4,8,114,237,97,867,92,0,377,353,0,406,594,22,753,279,48,563,644,643,2,878,461,458,29,67,26,24,721
"LMNA",985,517,175,624,153,1,3,89,904,18,383,112,491,6,825,502,10,79,731,3,44,694,2,31,89,51,2,234,87,60,212,5,414,13,503,13,15,341,829,406,0,25,720,523,14,1,202,481,0,45,285,100,507,132,259,170,11,9
"WFS1",640,543,804,954,0,28,604,466,49,391,985,511,11,577,759,680,838,2,57,178,9,397,971,16,563,318,39,596,68,606,670,38,90,963,673,889,65,999,202,594,25,0,256,117,8,60,76,887,11,637,294,22,75,718,161,846,809,46
"KDELR3",437,13,14,46,302,773,131,92,506,2,88,0,1000,22,575,204,104,427,108,17,110,151,31,230,0,145,188,6,1,39,245,8,204,1,308,52,3,553,0,22,720,256,0,370,991,199,572,212,212,4,32,559,726,149,263,150,489,526
"CXCL8",113,795,558,24,241,85,920,892,599,456,31,956,27,636,5,722,90,230,48,777,721,782,938,626,243,520,45,625,0,777,472,703,519,928,479,447,594,835,0,753,523,117,370,0,2,360,167,160,532,532,707,34,21,742,885,619,113,9
"CALR",595,822,850,785,0,889,947,989,833,764,782,925,0,206,401,351,481,0,0,526,6,696,951,30,932,628,129,345,824,940,913,337,145,810,438,755,860,216,329,279,14,8,991,2,0,963,0,792,0,832,91,151,421,800,458,738,973,89
"HYOU1",994,94,370,512,302,574,116,606,186,47,944,157,770,4,266,718,8,59,911,0,315,8,4,482,216,255,223,3,1,205,276,13,399,46,108,32,669,575,330,48,1,60,199,360,963,0,951,962,3,389,14,576,994,931,12,989,92,798
"GSK3A",628,694,778,158,12,774,690,994,86,708,849,564,10,105,387,158,293,38,32,429,753,761,996,469,837,982,355,926,343,431,182,175,508,505,253,517,956,413,515,563,202,76,572,167,0,951,0,413,84,769,617,3,461,591,856,915,433,3
"ASNS",265,402,755,986,51,862,981,228,515,529,686,736,259,709,782,924,951,2,61,384,76,85,319,271,617,711,602,761,641,773,695,990,464,825,959,855,465,740,353,644,481,887,212,160,792,962,413,0,36,495,189,135,99,160,975,380,801,958
"PREB",200,980,517,21,16,1,5,176,238,134,103,196,12,233,50,549,5,90,150,432,326,222,5,135,119,818,1,883,591,527,40,39,454,511,158,143,19,195,432,643,0,11,212,532,0,3,84,36,0,464,725,1,172,228,115,315,5,48
"SSR1",834,17,238,20,243,517,516,192,349,302,357,148,477,206,39,10,407,69,931,476,731,392,168,754,67,16,541,4,3,123,122,740,145,80,89,167,3,983,145,2,45,637,4,532,832,389,769,495,464,0,9,918,130,35,579,21,919,482
"CXXC1",32,277,18,437,419,0,0,381,341,19,46,27,645,72,712,322,10,995,767,17,905,390,34,98,6,18,85,748,285,50,3,68,718,239,715,78,0,142,609,878,285,294,32,707,91,14,617,189,725,9,0,76,849,75,6,60,1,162
"MYDGF",967,812,900,52,6,741,619,876,669,279,112,428,6,152,960,48,255,1,64,67,2,331,176,8,440,736,91,316,214,709,434,192,205,325,643,262,993,398,667,461,100,22,559,34,151,576,3,135,1,918,76,0,353,974,86,534,595,93
"PPP2R5B",410,298,203,2,33,674,591,546,85,109,177,798,11,650,33,27,934,56,0,523,830,979,600,29,350,120,529,864,271,427,263,644,60,931,132,806,133,142,1,458,507,75,726,21,421,994,461,99,172,130,849,353,0,172,200,62,604,683
"GOSR2",366,50,931,10,378,946,398,633,841,76,651,806,860,510,7,25,474,213,569,704,685,815,160,840,383,52,621,26,3,358,199,759,241,107,79,758,4,804,246,29,132,718,149,742,800,931,591,160,228,35,75,974,172,0,591,283,858,861
"ATF4",906,511,511,210,296,19,203,136,268,546,990,170,967,18,905,297,13,161,912,182,224,44,31,430,296,671,1,22,15,97,413,10,703,30,370,105,709,413,183,67,259,161,263,885,458,12,856,975,115,579,6,86,200,591,0,592,191,592
"GFPT1",325,187,894,175,235,603,363,201,629,38,378,80,467,163,31,63,367,153,704,175,500,795,77,665,7,130,853,1,1,110,165,307,325,32,220,598,6,762,28,26,170,846,150,619,738,989,915,380,315,21,60,534,62,283,592,0,355,867
"PDIA6",584,450,614,888,57,127,369,417,850,84,819,470,225,3,185,211,5,2,752,43,152,58,2,233,474,316,688,5,4,493,77,55,307,21,394,18,1,951,442,24,11,809,489,113,973,92,433,801,5,919,1,595,604,858,191,355,0,270
"ATF3",835,774,126,603,567,121,655,11,417,39,907,433,703,3,897,983,129,235,958,96,134,638,0,1,85,885,349,167,0,863,643,500,482,208,786,186,630,20,692,721,9,46,526,9,89,798,3,958,48,482,162,93,683,861,592,867,270,0
