"","CCL2","FKBP14","ACADVL","ADD1","EDEM1","HSP90B1","CUL7","WIPI1","PLA2G4B","TLN1","KLHDC3","SEC31A","XBP1","HERPUD1","DCTN1","SRPRB","HSPA5","DDX11","TATDN2","SYVN1","DNAJB11","EXTL1","ATP6V0D1","HDGF","EXTL2","CTDSP2","DDIT3","SHC1","TSPYL2","TPP1","PDIA5","EXTL3","ARFGAP1","DNAJB9","SULT1A3","DNAJC3","SERP1","IGFBP1","YIF1A","ZBTB17","LMNA","WFS1","KDELR3","CXCL8","CALR","HYOU1","GSK3A","ASNS","PREB","SSR1","CXXC1","MYDGF","PPP2R5B","GOSR2","ATF4","GFPT1","PDIA6","ATF3"
"CCL2",0,127,17,819,73,26,406,137,299,255,625,0,25,301,152,227,62,271,617,394,82,129,463,16,30,149,422,418,192,136,162,221,22,31,34,2,139,478,781,588,171,802,4,0,845,298,980,886,612,0,171,424,126,397,918,0,15,6
"FKBP14",127,0,338,6,598,217,771,50,761,715,3,95,732,787,82,247,849,979,12,505,47,172,540,122,76,54,122,753,574,681,157,561,735,503,762,690,71,863,985,65,635,406,67,26,808,218,5,408,1,103,493,429,812,252,354,66,9,17
"ACADVL",17,338,0,27,1,950,909,105,41,11,757,5,13,15,68,1,162,162,123,238,10,853,0,891,134,566,710,139,135,137,92,10,80,208,14,11,258,31,695,533,4,903,86,314,28,916,585,491,953,92,3,487,190,97,774,3,358,230
"ADD1",819,6,27,0,2,577,0,623,308,167,15,3,13,2,109,2,67,49,76,17,498,659,641,95,107,22,744,0,318,27,169,77,461,1,5,0,45,198,49,720,66,30,908,151,71,153,243,229,4,0,466,519,217,6,415,0,52,289
"EDEM1",73,598,1,2,0,752,13,2,803,492,11,253,400,423,360,639,896,200,470,254,52,214,218,185,77,1,477,38,324,131,603,942,608,108,526,526,48,568,410,21,102,575,190,26,207,398,37,749,1,76,75,778,305,47,207,921,107,4
"HSP90B1",26,217,950,577,752,0,245,654,410,4,590,614,689,90,89,318,59,812,148,431,127,125,759,263,348,629,209,361,231,147,809,69,224,182,843,447,194,882,972,26,693,135,880,239,990,285,169,476,947,854,373,264,934,979,408,17,71,563
"CUL7",406,771,909,0,13,245,0,160,840,569,432,312,46,0,485,473,426,694,275,121,0,458,0,19,888,687,664,380,321,32,349,0,683,541,218,618,279,618,260,483,959,847,767,85,12,547,587,965,614,285,25,6,113,649,14,808,618,430
"WIPI1",137,50,105,623,2,654,160,0,881,841,871,826,464,434,129,130,955,2,5,102,242,382,585,430,312,937,504,14,18,110,801,216,314,114,691,508,429,235,110,149,399,959,260,935,902,725,427,27,740,887,26,973,5,29,556,358,991,7
"PLA2G4B",299,761,41,308,803,410,840,881,0,728,257,649,1,1,535,150,855,128,983,845,9,824,25,955,463,598,246,853,279,306,375,27,529,280,239,170,12,683,114,52,356,582,730,152,561,371,669,55,706,597,48,130,301,362,32,463,700,286
"TLN1",255,715,11,167,492,4,569,841,728,0,849,951,321,124,745,708,207,233,613,288,364,821,9,4,95,221,930,590,725,61,377,50,824,617,119,137,493,912,495,806,504,762,417,399,10,12,565,950,200,470,38,475,528,932,52,614,322,142
"KLHDC3",625,3,757,15,11,590,432,871,257,849,0,615,555,693,41,152,55,686,307,936,13,907,0,769,705,851,675,270,300,111,54,3,863,57,163,16,908,414,8,121,68,29,206,968,572,143,354,637,708,745,549,0,121,138,190,144,84,41
"SEC31A",0,95,5,3,253,614,312,826,649,951,615,0,152,95,725,817,418,197,316,636,173,57,448,321,320,922,592,25,20,672,885,58,181,415,399,822,18,851,436,34,726,994,203,120,530,983,321,271,323,479,4,985,244,364,11,385,992,684
"XBP1",25,732,13,13,400,689,46,464,1,321,555,152,0,484,682,644,64,46,554,247,33,657,897,1,272,381,861,54,154,369,730,323,785,313,904,19,7,127,249,6,736,693,985,530,915,241,426,0,276,685,5,866,24,537,30,102,125,641
"HERPUD1",301,787,15,2,423,90,0,434,1,124,693,95,484,0,439,721,0,557,534,1,998,754,595,41,82,0,998,4,288,378,793,858,185,54,135,62,37,305,857,78,891,71,382,75,984,324,690,765,1,11,308,342,69,3,333,94,0,40
"DCTN1",152,82,68,109,360,89,485,129,535,745,41,725,682,439,0,107,179,987,161,991,586,749,809,7,30,330,189,95,386,975,423,907,923,378,406,85,9,350,285,136,536,784,770,178,372,123,650,205,5,45,350,336,869,188,411,184,5,117
"SRPRB",227,247,1,2,639,318,473,130,150,708,152,817,644,721,107,0,114,999,212,649,54,991,361,5,453,515,377,199,601,140,997,755,569,527,103,453,885,952,534,36,7,902,970,87,721,215,0,393,7,2,47,229,527,81,861,519,2,8
"HSPA5",62,849,162,67,896,59,426,955,855,207,55,418,64,0,179,114,0,426,374,765,1,320,234,381,332,869,419,578,211,786,834,975,251,61,502,433,0,403,215,13,757,613,95,350,496,356,367,136,77,379,232,19,459,427,376,310,14,104
"DDX11",271,979,162,49,200,812,694,2,128,233,686,197,46,557,987,999,426,0,937,71,882,572,642,58,138,590,396,486,473,644,643,950,735,48,812,88,158,963,561,663,364,219,421,74,632,917,865,99,389,614,121,944,929,672,560,102,704,444
"TATDN2",617,12,123,76,470,148,275,5,983,613,307,316,554,534,161,212,374,937,0,649,108,893,117,316,29,98,39,141,880,296,928,862,808,175,763,288,556,698,572,357,129,24,656,100,82,181,79,479,1,124,144,299,826,1,1000,330,2,7
"SYVN1",394,505,238,17,254,431,121,102,845,288,936,636,247,1,991,649,765,71,649,0,217,751,136,136,712,201,629,139,269,448,576,672,328,275,107,693,187,652,906,708,341,105,971,1,55,197,547,893,8,524,496,108,96,341,171,136,900,60
"DNAJB11",82,47,10,498,52,127,0,242,9,364,13,173,33,998,586,54,1,882,108,217,0,60,154,224,31,0,887,19,197,37,279,178,16,218,913,1,367,908,440,269,551,445,119,655,582,5,578,433,210,28,663,5,662,25,415,20,51,962
"EXTL1",129,172,853,659,214,125,458,382,824,821,907,57,657,754,749,991,320,572,893,751,60,0,124,524,190,838,646,548,327,662,873,761,415,193,786,6,418,325,557,620,843,60,65,770,120,404,750,828,203,155,563,499,46,79,508,264,512,980
"ATP6V0D1",463,540,0,641,218,759,0,585,25,9,0,448,897,595,809,361,234,642,117,136,154,124,0,29,614,2,583,53,686,987,524,831,14,819,344,893,291,7,106,660,155,672,671,130,617,730,105,932,226,99,929,856,623,6,396,660,267,6
"HDGF",16,122,891,95,185,263,19,430,955,4,769,321,1,41,7,5,381,58,316,136,224,524,29,0,829,24,362,976,34,908,698,635,461,356,651,631,229,329,337,132,232,46,782,439,208,715,300,443,692,977,22,4,942,907,556,873,197,183
"EXTL2",30,76,134,107,77,348,888,312,463,95,705,320,272,82,30,453,332,138,29,712,31,190,614,829,0,681,342,741,29,756,82,978,684,411,533,346,248,573,827,82,874,377,588,257,526,169,527,619,536,760,9,59,443,891,949,704,95,123
"CTDSP2",149,54,566,22,1,629,687,937,598,221,851,922,381,0,330,515,869,590,98,201,0,838,2,24,681,0,491,469,794,5,477,0,636,898,394,627,773,285,611,533,681,926,200,81,34,556,820,574,85,434,1,29,128,434,24,949,761,66
"DDIT3",422,122,710,744,477,209,664,504,246,930,675,592,861,998,189,377,419,396,39,629,887,646,583,362,342,491,0,849,802,756,359,274,774,552,388,146,621,511,444,321,305,927,952,15,466,315,0,15,958,262,772,8,22,409,0,312,672,756
"SHC1",418,753,139,0,38,361,380,14,853,590,270,25,54,4,95,199,578,486,141,139,19,548,53,976,741,469,849,0,984,549,737,451,538,889,85,91,809,928,503,8,217,542,582,6,109,379,120,623,24,890,10,424,703,652,395,226,979,176
"TSPYL2",192,574,135,318,324,231,321,18,279,725,300,20,154,288,386,601,211,473,880,269,197,327,686,34,29,794,802,984,0,530,559,46,0,189,437,0,900,171,79,14,980,2,65,0,416,258,89,802,49,182,79,1,931,930,913,30,838,775
"TPP1",136,681,137,27,131,147,32,110,306,61,111,672,369,378,975,140,786,644,296,448,37,662,987,908,756,5,756,549,530,0,619,637,866,761,373,390,193,744,597,761,386,803,461,59,36,81,17,439,29,627,190,548,988,708,108,899,872,19
"PDIA5",162,157,92,169,603,809,349,801,375,377,54,885,730,793,423,997,834,643,928,576,279,873,524,698,82,477,359,737,559,619,0,445,555,999,494,203,538,30,618,136,464,3,684,261,346,273,675,726,0,162,616,30,301,657,685,654,152,79
"EXTL3",221,561,10,77,942,69,0,216,27,50,3,58,323,858,907,755,975,950,862,672,178,761,831,635,978,0,274,451,46,637,445,0,15,353,279,271,421,451,142,679,255,763,63,99,679,819,88,513,2,325,645,549,550,164,570,178,862,12
"ARFGAP1",22,735,80,461,608,224,683,314,529,824,863,181,785,185,923,569,251,735,808,328,16,415,14,461,684,636,774,538,0,866,555,15,0,945,289,770,334,147,137,5,699,49,384,647,649,611,343,699,611,177,0,1,474,293,798,347,635,194
"DNAJB9",31,503,208,1,108,182,541,114,280,617,57,415,313,54,378,527,61,48,175,275,218,193,819,356,411,898,552,889,189,761,999,353,945,0,775,13,6,984,113,81,865,696,535,149,766,137,219,22,13,52,16,267,960,275,413,663,12,32
"SULT1A3",34,762,14,5,526,843,218,691,239,119,163,399,904,135,406,103,502,812,763,107,913,786,344,651,533,394,388,85,437,373,494,279,289,775,0,928,279,781,29,211,557,891,781,558,327,774,62,370,40,482,1,222,658,673,29,742,291,322
"DNAJC3",2,690,11,0,526,447,618,508,170,137,16,822,19,62,85,453,433,88,288,693,1,6,893,631,346,627,146,91,0,390,203,271,770,13,928,0,0,235,473,3,583,458,223,121,648,535,881,1,55,354,0,182,65,1000,93,657,57,56
"SERP1",139,71,258,45,48,194,279,429,12,493,908,18,7,37,9,885,0,158,556,187,367,418,291,229,248,773,621,809,900,193,538,421,334,6,279,0,0,40,611,24,801,56,24,834,386,327,639,678,796,9,61,1,712,53,736,0,12,1
"IGFBP1",478,863,31,198,568,882,618,235,683,912,414,851,127,305,350,952,403,963,698,652,908,325,7,329,573,285,511,928,171,744,30,451,147,984,781,235,40,0,820,719,558,337,35,5,337,485,422,80,113,930,505,321,45,438,366,762,541,930
"YIF1A",781,985,695,49,410,972,260,110,114,495,8,436,249,857,285,534,215,561,572,906,440,557,106,337,827,611,444,503,79,597,618,142,137,113,29,473,611,820,0,16,11,972,351,989,522,539,461,578,615,866,130,193,996,301,622,431,505,258
"ZBTB17",588,65,533,720,21,26,483,149,52,806,121,34,6,78,136,36,13,663,357,708,269,620,660,132,82,533,321,8,14,761,136,679,5,81,211,3,24,719,16,0,625,229,30,11,660,83,342,429,685,20,0,859,720,277,820,25,63,767
"LMNA",171,635,4,66,102,693,959,399,356,504,68,726,736,891,536,7,757,364,129,341,551,843,155,232,874,681,305,217,980,386,464,255,699,865,557,583,801,558,11,625,0,97,586,40,834,488,45,30,159,150,887,72,82,94,377,657,583,138
"WFS1",802,406,903,30,575,135,847,959,582,762,29,994,693,71,784,902,613,219,24,105,445,60,672,46,377,926,927,542,2,803,3,763,49,696,891,458,56,337,972,229,97,0,601,405,984,542,182,141,144,979,918,94,851,922,272,972,661,38
"KDELR3",4,67,86,908,190,880,767,260,730,417,206,203,985,382,770,970,95,421,656,971,119,65,671,782,588,200,952,582,65,461,684,63,384,535,781,223,24,35,351,30,586,601,0,229,132,286,676,1,86,763,79,998,157,64,19,487,843,24
"CXCL8",0,26,314,151,26,239,85,935,152,399,968,120,530,75,178,87,350,74,100,1,655,770,130,439,257,81,15,6,0,59,261,99,647,149,558,121,834,5,989,11,40,405,229,0,397,206,997,2,15,44,549,519,53,14,97,1,166,363
"CALR",845,808,28,71,207,990,12,902,561,10,572,530,915,984,372,721,496,632,82,55,582,120,617,208,526,34,466,109,416,36,346,679,649,766,327,648,386,337,522,660,834,984,132,397,0,281,511,752,626,75,523,524,423,442,193,370,593,728
"HYOU1",298,218,916,153,398,285,547,725,371,12,143,983,241,324,123,215,356,917,181,197,5,404,730,715,169,556,315,379,258,81,273,819,611,137,774,535,327,485,539,83,488,542,286,206,281,0,86,887,310,851,731,9,431,236,789,906,491,151
"GSK3A",980,5,585,243,37,169,587,427,669,565,354,321,426,690,650,0,367,865,79,547,578,750,105,300,527,820,0,120,89,17,675,88,343,219,62,881,639,422,461,342,45,182,676,997,511,86,0,413,11,917,15,1,0,390,121,503,86,295
"ASNS",886,408,491,229,749,476,965,27,55,950,637,271,0,765,205,393,136,99,479,893,433,828,932,443,619,574,15,623,802,439,726,513,699,22,370,1,678,80,578,429,30,141,1,2,752,887,413,0,944,730,561,217,170,717,821,72,251,323
"PREB",612,1,953,4,1,947,614,740,706,200,708,323,276,1,5,7,77,389,1,8,210,203,226,692,536,85,958,24,49,29,0,2,611,13,40,55,796,113,615,685,159,144,86,15,626,310,11,944,0,23,979,1,1,250,480,535,462,208
"SSR1",0,103,92,0,76,854,285,887,597,470,745,479,685,11,45,2,379,614,124,524,28,155,99,977,760,434,262,890,182,627,162,325,177,52,482,354,9,930,866,20,150,979,763,44,75,851,917,730,23,0,3,8,691,207,273,202,16,74
"CXXC1",171,493,3,466,75,373,25,26,48,38,549,4,5,308,350,47,232,121,144,496,663,563,929,22,9,1,772,10,79,190,616,645,0,16,1,0,61,505,130,0,887,918,79,549,523,731,15,561,979,3,0,466,828,270,635,43,449,801
"MYDGF",424,429,487,519,778,264,6,973,130,475,0,985,866,342,336,229,19,944,299,108,5,499,856,4,59,29,8,424,1,548,30,549,1,267,222,182,1,321,193,859,72,94,998,519,524,9,1,217,1,8,466,0,983,6,513,947,38,65
"PPP2R5B",126,812,190,217,305,934,113,5,301,528,121,244,24,69,869,527,459,929,826,96,662,46,623,942,443,128,22,703,931,988,301,550,474,960,658,65,712,45,996,720,82,851,157,53,423,431,0,170,1,691,828,983,0,969,528,33,737,6
"GOSR2",397,252,97,6,47,979,649,29,362,932,138,364,537,3,188,81,427,672,1,341,25,79,6,907,891,434,409,652,930,708,657,164,293,275,673,1000,53,438,301,277,94,922,64,14,442,236,390,717,250,207,270,6,969,0,971,341,17,16
"ATF4",918,354,774,415,207,408,14,556,32,52,190,11,30,333,411,861,376,560,1000,171,415,508,396,556,949,24,0,395,913,108,685,570,798,413,29,93,736,366,622,820,377,272,19,97,193,789,121,821,480,273,635,513,528,971,0,21,930,472
"GFPT1",0,66,3,0,921,17,808,358,463,614,144,385,102,94,184,519,310,102,330,136,20,264,660,873,704,949,312,226,30,899,654,178,347,663,742,657,0,762,431,25,657,972,487,1,370,906,503,72,535,202,43,947,33,341,21,0,145,395
"PDIA6",15,9,358,52,107,71,618,991,700,322,84,992,125,0,5,2,14,704,2,900,51,512,267,197,95,761,672,979,838,872,152,862,635,12,291,57,12,541,505,63,583,661,843,166,593,491,86,251,462,16,449,38,737,17,930,145,0,65
"ATF3",6,17,230,289,4,563,430,7,286,142,41,684,641,40,117,8,104,444,7,60,962,980,6,183,123,66,756,176,775,19,79,12,194,32,322,56,1,930,258,767,138,38,24,363,728,151,295,323,208,74,801,65,6,16,472,395,65,0
