"","CCL2","FKBP14","ACADVL","ADD1","EDEM1","HSP90B1","CUL7","WIPI1","PLA2G4B","TLN1","KLHDC3","SEC31A","XBP1","HERPUD1","DCTN1","SRPRB","HSPA5","DDX11","TATDN2","SYVN1","DNAJB11","EXTL1","ATP6V0D1","HDGF","EXTL2","CTDSP2","DDIT3","SHC1","TSPYL2","TPP1","PDIA5","EXTL3","ARFGAP1","DNAJB9","SULT1A3","DNAJC3","SERP1","IGFBP1","YIF1A","ZBTB17","LMNA","WFS1","KDELR3","CXCL8","CALR","HYOU1","GSK3A","ASNS","PREB","SSR1","CXXC1","MYDGF","PPP2R5B","GOSR2","ATF4","GFPT1","PDIA6","ATF3"
"CCL2",0,210,479,474,124,125,801,388,139,887,477,957,756,865,505,222,433,852,653,208,90,831,740,637,289,681,671,347,185,318,340,723,486,839,848,492,378,1000,940,598,541,775,40,835,518,993,380,403,453,764,86,272,290,184,11,504,986,723
"FKBP14",210,0,933,718,245,253,812,202,740,735,621,215,411,920,672,264,767,795,920,475,631,743,43,385,433,762,519,591,454,602,797,265,841,198,969,864,265,729,804,427,804,452,890,459,941,830,522,374,600,579,659,510,126,973,809,66,305,143
"ACADVL",479,933,0,353,408,787,352,708,845,705,940,206,923,32,110,705,822,787,56,263,981,740,620,205,690,146,28,997,495,300,586,233,660,286,584,438,587,910,284,325,357,776,499,590,394,458,89,289,693,223,460,860,531,725,650,39,511,570
"ADD1",474,718,353,0,8,134,619,653,107,659,375,746,322,858,89,80,205,515,302,433,75,160,603,702,420,146,844,154,359,693,716,556,269,601,813,110,342,995,575,51,562,812,350,718,829,981,952,178,977,357,373,609,617,977,55,895,794,171
"EDEM1",124,245,408,8,0,10,17,342,649,707,986,82,713,771,362,716,50,844,419,617,186,930,809,537,70,313,302,72,931,406,504,484,86,620,713,122,268,606,597,834,837,28,41,376,860,165,23,340,303,294,176,595,805,111,295,108,26,901
"HSP90B1",125,253,787,134,10,0,258,332,758,381,716,57,332,173,136,85,7,77,84,21,796,510,18,576,189,207,630,216,706,227,330,7,781,592,814,438,161,631,529,672,562,15,88,8,985,359,364,947,215,713,897,489,28,576,661,461,767,413
"CUL7",801,812,352,619,17,258,0,117,374,335,806,748,443,522,209,74,347,749,47,589,552,352,838,210,85,831,213,493,960,343,559,216,583,258,301,133,563,829,734,74,883,590,108,491,939,601,512,308,913,437,925,937,74,326,639,517,793,592
"WIPI1",388,202,708,653,342,332,117,0,368,295,785,652,874,351,602,476,834,78,424,964,392,177,440,939,167,941,187,963,96,832,202,753,59,979,896,832,760,464,868,689,225,797,124,953,140,343,333,549,488,964,553,104,911,24,297,365,351,709
"PLA2G4B",139,740,845,107,649,758,374,368,0,641,985,90,783,896,971,236,951,643,626,708,94,315,247,210,646,387,750,335,730,610,248,150,295,651,67,527,116,1000,174,587,889,773,959,157,282,501,756,709,950,535,65,167,876,676,781,127,935,643
"TLN1",887,735,705,659,707,381,335,295,641,0,972,244,84,98,680,436,410,323,235,784,948,824,531,908,705,677,810,514,250,180,243,913,206,920,868,641,843,562,561,907,265,651,444,744,896,752,47,523,639,478,619,211,658,275,798,434,821,30
"KLHDC3",477,621,940,375,986,716,806,785,985,972,0,968,740,456,38,881,617,447,691,626,864,719,556,669,402,915,17,431,747,329,390,698,905,916,490,306,802,979,260,139,310,321,912,954,183,351,706,263,350,772,183,469,511,968,395,461,944,459
"SEC31A",957,215,206,746,82,57,748,652,90,244,968,0,687,971,182,245,356,234,844,796,953,577,852,468,267,736,567,732,290,338,548,653,492,159,88,91,639,136,996,202,839,681,427,192,326,470,492,771,318,791,109,802,691,511,888,31,868,487
"XBP1",756,411,923,322,713,332,443,874,783,84,740,687,0,693,949,261,588,316,819,747,365,452,565,791,125,908,621,533,731,768,929,982,332,44,835,725,351,475,232,157,109,910,438,345,55,296,604,66,572,735,214,880,735,54,885,92,221,793
"HERPUD1",865,920,32,858,771,173,522,351,896,98,456,971,693,0,187,955,812,819,163,489,510,133,951,423,166,551,15,746,69,452,424,334,376,690,119,274,62,717,207,914,103,787,779,306,2,573,736,397,697,579,283,613,895,600,20,897,885,683
"DCTN1",505,672,110,89,362,136,209,602,971,680,38,182,949,187,0,687,244,234,800,456,991,896,88,366,233,68,76,459,621,422,969,717,50,301,779,902,246,397,859,597,123,233,325,354,108,674,547,978,371,639,927,153,177,871,945,211,308,103
"SRPRB",222,264,705,80,716,85,74,476,236,436,881,245,261,955,687,0,41,620,596,387,511,864,612,442,357,535,161,84,960,789,299,233,20,661,161,908,924,566,259,130,878,76,105,647,428,85,207,433,231,872,949,977,322,393,601,367,69,566
"HSPA5",433,767,822,205,50,7,347,834,951,410,617,356,588,812,244,41,0,959,83,36,160,640,836,506,187,245,187,543,191,930,498,777,893,829,337,87,66,644,35,806,589,13,628,830,201,237,259,962,565,372,748,533,115,876,815,883,721,649
"DDX11",852,795,787,515,844,77,749,78,643,323,447,234,316,819,234,620,959,0,816,618,584,892,332,65,367,785,450,27,426,168,480,257,821,337,530,961,654,49,597,259,663,358,440,310,785,541,987,624,412,642,604,760,369,881,982,940,818,316
"TATDN2",653,920,56,302,419,84,47,424,626,235,691,844,819,163,800,596,83,816,0,908,263,607,436,244,236,406,978,273,294,330,227,692,188,531,528,591,826,83,597,857,69,650,23,523,908,341,7,764,843,721,826,501,323,384,553,400,186,126
"SYVN1",208,475,263,433,617,21,589,964,708,784,626,796,747,489,456,387,36,618,908,0,410,882,954,274,707,570,659,401,66,881,635,353,272,255,770,170,243,133,776,153,596,544,33,509,365,717,136,305,391,318,890,617,147,345,326,109,242,893
"DNAJB11",90,631,981,75,186,796,552,392,94,948,864,953,365,510,991,511,160,584,263,410,0,708,64,841,997,919,410,486,428,566,887,189,385,33,309,607,454,290,635,56,962,5,253,914,592,292,870,433,688,429,924,644,425,836,646,483,874,336
"EXTL1",831,743,740,160,930,510,352,177,315,824,719,577,452,133,896,864,640,892,607,882,708,0,755,761,434,124,787,212,744,664,574,393,137,543,921,576,650,603,838,909,471,860,620,797,598,300,390,591,672,832,919,968,654,231,236,176,792,9
"ATP6V0D1",740,43,620,603,809,18,838,440,247,531,556,852,565,951,88,612,836,332,436,954,64,755,0,204,47,980,14,976,363,739,638,119,186,933,32,343,97,945,15,582,889,338,230,238,113,756,752,31,202,580,537,514,564,822,333,550,533,867
"HDGF",637,385,205,702,537,576,210,939,210,908,669,468,791,423,366,442,506,65,244,274,841,761,204,0,191,759,277,539,715,326,823,308,604,477,98,398,646,547,578,959,727,419,998,336,632,259,82,536,438,976,715,615,298,409,516,391,834,240
"EXTL2",289,433,690,420,70,189,85,167,646,705,402,267,125,166,233,357,187,367,236,707,997,434,47,191,0,243,505,338,390,491,931,693,524,519,691,997,975,937,898,572,708,779,312,653,780,338,124,512,964,975,993,498,233,755,288,965,995,370
"CTDSP2",681,762,146,146,313,207,831,941,387,677,915,736,908,551,68,535,245,785,406,570,919,124,980,759,243,0,398,122,83,757,518,920,907,628,658,520,870,567,427,200,606,514,116,437,489,785,593,536,502,855,242,947,743,277,440,853,755,774
"DDIT3",671,519,28,844,302,630,213,187,750,810,17,567,621,15,76,161,187,450,978,659,410,787,14,277,505,398,0,144,56,720,67,144,556,128,725,250,619,584,402,800,878,444,736,404,829,459,313,13,960,849,880,514,628,603,251,861,835,599
"SHC1",347,591,997,154,72,216,493,963,335,514,431,732,533,746,459,84,543,27,273,401,486,212,976,539,338,122,144,0,81,237,155,210,393,483,703,111,93,297,649,175,268,826,325,704,685,506,789,931,672,137,119,16,755,493,45,333,413,524
"TSPYL2",185,454,495,359,931,706,960,96,730,250,747,290,731,69,621,960,191,426,294,66,428,744,363,715,390,83,56,81,0,130,369,781,812,663,743,212,823,299,971,567,25,109,828,870,764,187,889,612,286,426,691,616,422,635,249,773,544,26
"TPP1",318,602,300,693,406,227,343,832,610,180,329,338,768,452,422,789,930,168,330,881,566,664,739,326,491,757,720,237,130,0,325,932,264,490,485,430,118,968,577,789,765,86,881,906,541,805,79,858,929,863,865,68,779,928,290,529,803,411
"PDIA5",340,797,586,716,504,330,559,202,248,243,390,548,929,424,969,299,498,480,227,635,887,574,638,823,931,518,67,155,369,325,0,96,660,721,295,238,873,345,777,372,564,528,886,146,96,126,297,410,487,980,431,995,723,743,236,914,74,742
"EXTL3",723,265,233,556,484,7,216,753,150,913,698,653,982,334,717,233,777,257,692,353,189,393,119,308,693,920,144,210,781,932,96,0,803,317,708,632,774,333,168,210,358,68,12,155,261,389,325,341,56,257,621,32,762,129,969,372,31,327
"ARFGAP1",486,841,660,269,86,781,583,59,295,206,905,492,332,376,50,20,893,821,188,272,385,137,186,604,524,907,556,393,812,264,660,803,0,93,71,157,119,939,808,198,94,915,440,354,464,874,517,271,214,549,909,183,236,169,584,833,183,313
"DNAJB9",839,198,286,601,620,592,258,979,651,920,916,159,44,690,301,661,829,337,531,255,33,543,933,477,519,628,128,483,663,490,721,317,93,0,933,994,28,221,440,434,376,362,222,700,483,831,974,358,632,431,807,564,495,627,361,189,931,358
"SULT1A3",848,969,584,813,713,814,301,896,67,868,490,88,835,119,779,161,337,530,528,770,309,921,32,98,691,658,725,703,743,485,295,708,71,933,0,796,175,875,254,406,744,814,796,548,493,143,589,697,463,974,332,80,37,410,914,23,690,425
"DNAJC3",492,864,438,110,122,438,133,832,527,641,306,91,725,274,902,908,87,961,591,170,607,576,343,398,997,520,250,111,212,430,238,632,157,994,796,0,178,935,540,736,494,583,568,119,286,315,610,587,216,721,861,977,634,865,531,130,517,988
"SERP1",378,265,587,342,268,161,563,760,116,843,802,639,351,62,246,924,66,654,826,243,454,650,97,646,975,870,619,93,823,118,873,774,119,28,175,178,0,686,479,77,416,356,179,219,149,158,775,614,303,189,622,216,905,575,509,658,138,300
"IGFBP1",1000,729,910,995,606,631,829,464,1000,562,979,136,475,717,397,566,644,49,83,133,290,603,945,547,937,567,584,297,299,968,345,333,939,221,875,935,686,0,532,898,70,561,891,140,53,237,671,900,433,203,213,425,438,922,526,881,971,705
"YIF1A",940,804,284,575,597,529,734,868,174,561,260,996,232,207,859,259,35,597,597,776,635,838,15,578,898,427,402,649,971,577,777,168,808,440,254,540,479,532,0,534,417,382,698,27,842,512,520,791,496,463,796,316,557,616,970,891,859,766
"ZBTB17",598,427,325,51,834,672,74,689,587,907,139,202,157,914,597,130,806,259,857,153,56,909,582,959,572,200,800,175,567,789,372,210,198,434,406,736,77,898,534,0,13,561,287,707,403,606,505,293,990,826,524,230,631,414,447,518,940,843
"LMNA",541,804,357,562,837,562,883,225,889,265,310,839,109,103,123,878,589,663,69,596,962,471,889,727,708,606,878,268,25,765,564,358,94,376,744,494,416,70,417,13,0,802,746,227,417,551,537,667,608,436,127,556,780,941,57,200,648,166
"WFS1",775,452,776,812,28,15,590,797,773,651,321,681,910,787,233,76,13,358,650,544,5,860,338,419,779,514,444,826,109,86,528,68,915,362,814,583,356,561,382,561,802,0,32,777,206,908,874,451,741,625,663,85,362,893,216,436,699,582
"KDELR3",40,890,499,350,41,88,108,124,959,444,912,427,438,779,325,105,628,440,23,33,253,620,230,998,312,116,736,325,828,881,886,12,440,222,796,568,179,891,698,287,746,32,0,250,573,236,45,528,414,781,970,921,39,268,517,140,501,281
"CXCL8",835,459,590,718,376,8,491,953,157,744,954,192,345,306,354,647,830,310,523,509,914,797,238,336,653,437,404,704,870,906,146,155,354,700,548,119,219,140,27,707,227,777,250,0,72,406,233,380,764,111,638,626,856,668,426,991,249,25
"CALR",518,941,394,829,860,985,939,140,282,896,183,326,55,2,108,428,201,785,908,365,592,598,113,632,780,489,829,685,764,541,96,261,464,483,493,286,149,53,842,403,417,206,573,72,0,41,364,982,965,941,729,278,546,387,865,784,339,582
"HYOU1",993,830,458,981,165,359,601,343,501,752,351,470,296,573,674,85,237,541,341,717,292,300,756,259,338,785,459,506,187,805,126,389,874,831,143,315,158,237,512,606,551,908,236,406,41,0,920,367,738,563,901,72,108,921,820,275,290,299
"GSK3A",380,522,89,952,23,364,512,333,756,47,706,492,604,736,547,207,259,987,7,136,870,390,752,82,124,593,313,789,889,79,297,325,517,974,589,610,775,671,520,505,537,874,45,233,364,920,0,356,913,406,760,586,46,876,226,864,463,846
"ASNS",403,374,289,178,340,947,308,549,709,523,263,771,66,397,978,433,962,624,764,305,433,591,31,536,512,536,13,931,612,858,410,341,271,358,697,587,614,900,791,293,667,451,528,380,982,367,356,0,699,20,961,836,127,970,732,387,759,728
"PREB",453,600,693,977,303,215,913,488,950,639,350,318,572,697,371,231,565,412,843,391,688,672,202,438,964,502,960,672,286,929,487,56,214,632,463,216,303,433,496,990,608,741,414,764,965,738,913,699,0,815,807,15,353,358,121,142,323,807
"SSR1",764,579,223,357,294,713,437,964,535,478,772,791,735,579,639,872,372,642,721,318,429,832,580,976,975,855,849,137,426,863,980,257,549,431,974,721,189,203,463,826,436,625,781,111,941,563,406,20,815,0,640,667,211,480,552,303,187,513
"CXXC1",86,659,460,373,176,897,925,553,65,619,183,109,214,283,927,949,748,604,826,890,924,919,537,715,993,242,880,119,691,865,431,621,909,807,332,861,622,213,796,524,127,663,970,638,729,901,760,961,807,640,0,558,911,769,435,655,94,654
"MYDGF",272,510,860,609,595,489,937,104,167,211,469,802,880,613,153,977,533,760,501,617,644,968,514,615,498,947,514,16,616,68,995,32,183,564,80,977,216,425,316,230,556,85,921,626,278,72,586,836,15,667,558,0,898,663,988,630,40,713
"PPP2R5B",290,126,531,617,805,28,74,911,876,658,511,691,735,895,177,322,115,369,323,147,425,654,564,298,233,743,628,755,422,779,723,762,236,495,37,634,905,438,557,631,780,362,39,856,546,108,46,127,353,211,911,898,0,254,398,89,152,101
"GOSR2",184,973,725,977,111,576,326,24,676,275,968,511,54,600,871,393,876,881,384,345,836,231,822,409,755,277,603,493,635,928,743,129,169,627,410,865,575,922,616,414,941,893,268,668,387,921,876,970,358,480,769,663,254,0,859,379,161,232
"ATF4",11,809,650,55,295,661,639,297,781,798,395,888,885,20,945,601,815,982,553,326,646,236,333,516,288,440,251,45,249,290,236,969,584,361,914,531,509,526,970,447,57,216,517,426,865,820,226,732,121,552,435,988,398,859,0,855,277,745
"GFPT1",504,66,39,895,108,461,517,365,127,434,461,31,92,897,211,367,883,940,400,109,483,176,550,391,965,853,861,333,773,529,914,372,833,189,23,130,658,881,891,518,200,436,140,991,784,275,864,387,142,303,655,630,89,379,855,0,324,819
"PDIA6",986,305,511,794,26,767,793,351,935,821,944,868,221,885,308,69,721,818,186,242,874,792,533,834,995,755,835,413,544,803,74,31,183,931,690,517,138,971,859,940,648,699,501,249,339,290,463,759,323,187,94,40,152,161,277,324,0,246
"ATF3",723,143,570,171,901,413,592,709,643,30,459,487,793,683,103,566,649,316,126,893,336,9,867,240,370,774,599,524,26,411,742,327,313,358,425,988,300,705,766,843,166,582,281,25,582,299,846,728,807,513,654,713,101,232,745,819,246,0
