"","CCL2","FKBP14","ACADVL","ADD1","EDEM1","HSP90B1","CUL7","WIPI1","PLA2G4B","TLN1","KLHDC3","SEC31A","XBP1","HERPUD1","DCTN1","SRPRB","HSPA5","DDX11","TATDN2","SYVN1","DNAJB11","EXTL1","ATP6V0D1","HDGF","EXTL2","CTDSP2","DDIT3","SHC1","TSPYL2","TPP1","PDIA5","EXTL3","ARFGAP1","DNAJB9","SULT1A3","DNAJC3","SERP1","IGFBP1","YIF1A","ZBTB17","LMNA","WFS1","KDELR3","CXCL8","CALR","HYOU1","GSK3A","ASNS","PREB","SSR1","CXXC1","MYDGF","PPP2R5B","GOSR2","ATF4","GFPT1","PDIA6","ATF3"
"CCL2",0,935,40,64,935,3,357,237,119,769,341,600,51,775,800,266,14,996,373,794,81,46,568,580,538,287,52,173,328,838,282,160,658,337,1,286,75,775,75,403,271,593,6,117,190,648,286,136,249,315,913,3,376,149,381,265,19,247
"FKBP14",935,0,873,297,818,337,938,549,479,984,102,170,734,647,416,795,633,861,619,442,49,72,238,459,53,673,271,702,527,690,928,656,326,694,600,694,80,678,954,801,748,979,762,796,334,534,747,319,784,892,192,270,626,307,446,872,838,426
"ACADVL",40,873,0,174,351,617,81,866,247,99,741,126,116,726,490,436,687,194,966,171,913,437,734,869,337,669,584,590,86,840,572,691,823,219,517,492,841,561,958,25,684,752,112,326,336,950,313,244,192,181,25,411,206,687,583,991,880,406
"ADD1",64,297,174,0,97,506,46,379,160,974,20,613,813,468,637,450,940,323,28,628,773,61,873,742,870,77,408,606,867,355,851,49,294,642,35,892,0,273,376,200,789,702,549,352,665,970,481,318,525,66,796,235,651,547,103,713,740,915
"EDEM1",935,818,351,97,0,103,280,211,798,764,34,538,609,153,198,858,565,712,233,924,33,287,35,207,167,555,368,642,433,221,665,190,219,318,296,358,67,729,828,664,738,635,770,349,110,352,996,163,497,76,26,248,88,672,663,603,819,50
"HSP90B1",3,337,617,506,103,0,68,86,415,115,820,18,673,258,269,40,103,560,615,50,947,760,565,554,60,666,322,577,213,461,0,423,844,23,839,339,174,600,569,21,768,147,865,40,91,270,44,657,350,4,462,27,166,36,229,389,31,218
"CUL7",357,938,81,46,280,68,0,514,393,842,657,183,2,560,356,678,116,708,62,90,837,25,613,404,637,409,8,16,718,857,958,30,198,582,216,446,351,406,284,157,14,46,335,925,599,267,463,879,99,706,802,24,23,310,403,459,826,28
"WIPI1",237,549,866,379,211,86,514,0,360,447,734,97,123,199,897,366,33,207,625,13,813,626,827,461,266,335,45,731,209,775,180,178,467,36,361,524,424,903,256,388,921,174,678,871,496,73,594,117,27,229,257,375,16,55,151,393,104,728
"PLA2G4B",119,479,247,160,798,415,393,360,0,58,585,437,707,539,78,904,934,999,606,462,275,413,562,501,848,567,281,239,198,531,714,733,189,886,420,963,5,555,381,0,531,419,782,175,340,766,70,691,200,971,829,469,487,515,235,954,805,840
"TLN1",769,984,99,974,764,115,842,447,58,0,269,995,193,428,788,465,743,778,133,917,703,400,504,133,983,268,6,10,87,562,745,352,254,553,21,740,420,231,781,665,3,392,251,810,575,734,36,30,569,852,327,207,479,664,526,471,655,83
"KLHDC3",341,102,741,20,34,820,657,734,585,269,0,15,947,348,49,338,551,437,49,94,505,56,486,450,27,174,271,267,516,800,216,155,200,484,412,55,734,568,129,19,29,27,845,938,391,57,388,611,53,408,114,178,242,42,696,273,200,398
"SEC31A",600,170,126,613,538,18,183,97,437,995,15,0,467,325,280,737,146,784,153,508,177,77,258,899,21,708,15,247,255,386,197,309,765,180,37,328,9,417,822,599,954,763,527,80,549,512,918,25,816,280,246,284,200,522,494,33,87,87
"XBP1",51,734,116,813,609,673,2,123,707,193,947,467,0,645,505,645,109,971,224,148,434,965,794,841,776,395,381,419,416,535,255,913,516,83,440,661,93,396,644,880,129,582,933,771,27,905,190,969,765,44,393,0,327,429,849,705,968,163
"HERPUD1",775,647,726,468,153,258,560,199,539,428,348,325,645,0,553,484,192,644,502,309,61,270,552,865,401,646,268,245,920,835,262,509,417,22,624,473,229,629,781,746,604,413,442,310,612,815,212,601,828,325,241,18,809,300,917,472,973,8
"DCTN1",800,416,490,637,198,269,356,897,78,788,49,280,505,553,0,371,677,738,21,541,515,9,702,649,674,138,54,444,970,567,332,20,136,693,125,490,75,250,623,155,53,856,714,173,363,443,28,22,272,494,164,27,59,301,176,907,300,85
"SRPRB",266,795,436,450,858,40,678,366,904,465,338,737,645,484,371,0,210,736,850,778,60,454,70,277,844,870,97,289,971,111,934,549,166,86,865,887,383,613,140,305,181,656,960,879,169,187,866,133,557,373,655,101,734,963,203,464,527,84
"HSPA5",14,633,687,940,565,103,116,33,934,743,551,146,109,192,677,210,0,887,625,140,295,724,857,654,189,795,62,951,219,744,11,539,622,42,784,590,30,390,992,380,784,833,596,72,152,846,203,475,743,29,751,6,379,36,931,317,35,182
"DDX11",996,861,194,323,712,560,708,207,999,778,437,784,971,644,738,736,887,0,565,882,789,569,344,789,607,213,284,447,758,900,81,49,969,667,762,797,470,572,751,982,804,313,943,21,673,480,140,675,433,767,447,68,510,858,145,702,845,270
"TATDN2",373,619,966,28,233,615,62,625,606,133,49,153,224,502,21,850,625,565,0,110,134,10,67,399,307,315,697,554,297,61,193,248,117,565,791,570,532,902,305,136,967,26,576,594,8,16,719,500,146,110,81,942,77,26,455,667,308,108
"SYVN1",794,442,171,628,924,50,90,13,462,917,94,508,148,309,541,778,140,882,110,0,164,105,132,621,98,590,111,256,393,504,624,225,676,36,59,382,5,690,344,694,928,543,317,425,424,951,898,89,568,948,493,219,341,480,64,101,327,31
"DNAJB11",81,49,913,773,33,947,837,813,275,703,505,177,434,61,515,60,295,789,134,164,0,560,427,17,427,66,337,279,639,686,26,442,706,411,916,7,13,564,225,614,801,665,162,498,404,12,272,736,211,34,939,165,660,258,686,41,262,167
"EXTL1",46,72,437,61,287,760,25,626,413,400,56,77,965,270,9,454,724,569,10,105,560,0,602,320,101,88,702,675,179,468,205,185,971,191,672,138,873,550,508,10,66,85,536,654,50,34,907,947,118,387,423,486,154,97,373,357,366,190
"ATP6V0D1",568,238,734,873,35,565,613,827,562,504,486,258,794,552,702,70,857,344,67,132,427,602,0,793,192,315,170,383,565,956,162,225,612,815,487,489,50,254,585,141,61,451,516,622,858,439,52,357,268,139,846,435,802,71,141,561,171,661
"HDGF",580,459,869,742,207,554,404,461,501,133,450,899,841,865,649,277,654,789,399,621,17,320,793,0,453,808,544,190,924,972,693,655,515,711,989,526,70,695,865,490,281,387,703,623,856,301,125,190,363,280,978,81,917,232,295,841,210,29
"EXTL2",538,53,337,870,167,60,637,266,848,983,27,21,776,401,674,844,189,607,307,98,427,101,192,453,0,752,100,402,642,453,294,547,838,84,418,13,204,495,731,863,923,863,533,252,873,696,307,27,893,739,364,183,738,407,725,361,440,83
"CTDSP2",287,673,669,77,555,666,409,335,567,268,174,708,395,646,138,870,795,213,315,590,66,88,315,808,752,0,332,31,269,524,943,802,394,873,924,821,870,832,497,596,571,127,404,298,602,496,953,358,62,974,97,607,358,297,438,449,582,113
"DDIT3",52,271,584,408,368,322,8,45,281,6,271,15,381,268,54,97,62,284,697,111,337,702,170,544,100,332,0,378,29,44,6,449,222,415,568,375,552,968,376,9,648,32,783,94,22,54,57,838,303,3,22,44,146,21,124,451,133,697
"SHC1",173,702,590,606,642,577,16,731,239,10,267,247,419,245,444,289,951,447,554,256,279,675,383,190,402,31,378,0,5,41,832,79,961,164,890,979,556,723,866,203,826,45,234,286,247,925,212,186,607,275,331,978,22,944,485,506,848,808
"TSPYL2",328,527,86,867,433,213,718,209,198,87,516,255,416,920,970,971,219,758,297,393,639,179,565,924,642,269,29,5,0,80,990,267,288,955,55,919,17,373,788,530,129,277,330,609,314,843,200,627,603,798,717,144,724,498,722,862,924,434
"TPP1",838,690,840,355,221,461,857,775,531,562,800,386,535,835,567,111,744,900,61,504,686,468,956,972,453,524,44,41,80,0,207,593,526,801,728,323,344,562,172,348,31,966,407,312,959,314,143,226,421,315,762,441,462,141,232,923,354,311
"PDIA5",282,928,572,851,665,0,958,180,714,745,216,197,255,262,332,934,11,81,193,624,26,205,162,693,294,943,6,832,990,207,0,317,426,28,80,817,47,318,224,216,627,645,918,417,383,30,453,112,631,542,425,7,200,692,50,199,165,2
"EXTL3",160,656,691,49,190,423,30,178,733,352,155,309,913,509,20,549,539,49,248,225,442,185,225,655,547,802,449,79,267,593,317,0,252,970,246,788,200,846,667,29,914,520,37,738,350,254,405,501,902,399,6,543,67,606,61,692,755,545
"ARFGAP1",658,326,823,294,219,844,198,467,189,254,200,765,516,417,136,166,622,969,117,676,706,971,612,515,838,394,222,961,288,526,426,252,0,504,617,478,81,496,468,207,617,635,517,657,500,551,291,863,850,979,529,498,457,720,402,725,621,970
"DNAJB9",337,694,219,642,318,23,582,36,886,553,484,180,83,22,693,86,42,667,565,36,411,191,815,711,84,873,415,164,955,801,28,970,504,0,659,160,326,402,460,857,819,284,90,174,317,379,334,746,280,553,625,23,766,16,838,111,33,112
"SULT1A3",1,600,517,35,296,839,216,361,420,21,412,37,440,624,125,865,784,762,791,59,916,672,487,989,418,924,568,890,55,728,80,246,617,659,0,192,490,808,141,1,483,31,614,290,709,91,147,111,59,309,626,922,10,333,944,964,381,975
"DNAJC3",286,694,492,892,358,339,446,524,963,740,55,328,661,473,490,887,590,797,570,382,7,138,489,526,13,821,375,979,919,323,817,788,478,160,192,0,2,474,829,456,536,543,639,528,245,950,840,16,703,728,568,967,940,380,273,436,328,324
"SERP1",75,80,841,0,67,174,351,424,5,420,734,9,93,229,75,383,30,470,532,5,13,873,50,70,204,870,552,556,17,344,47,200,81,326,490,2,0,693,62,3,700,78,288,836,9,4,358,204,20,57,17,584,100,32,720,23,98,372
"IGFBP1",775,678,561,273,729,600,406,903,555,231,568,417,396,629,250,613,390,572,902,690,564,550,254,695,495,832,968,723,373,562,318,846,496,402,808,474,693,0,757,812,852,154,457,789,119,524,160,886,399,572,142,148,315,445,937,932,594,765
"YIF1A",75,954,958,376,828,569,284,256,381,781,129,822,644,781,623,140,992,751,305,344,225,508,585,865,731,497,376,866,788,172,224,667,468,460,141,829,62,757,0,986,648,176,773,674,119,834,631,44,652,255,416,459,565,671,8,686,998,423
"ZBTB17",403,801,25,200,664,21,157,388,0,665,19,599,880,746,155,305,380,982,136,694,614,10,141,490,863,596,9,203,530,348,216,29,207,857,1,456,3,812,986,0,506,824,134,711,658,370,761,2,695,730,942,151,334,405,164,678,980,306
"LMNA",271,748,684,789,738,768,14,921,531,3,29,954,129,604,53,181,784,804,967,928,801,66,61,281,923,571,648,826,129,31,627,914,617,819,483,536,700,852,648,506,0,617,423,612,20,651,8,458,808,748,17,181,197,978,456,907,875,701
"WFS1",593,979,752,702,635,147,46,174,419,392,27,763,582,413,856,656,833,313,26,543,665,85,451,387,863,127,32,45,277,966,645,520,635,284,31,543,78,154,176,824,617,0,49,637,795,467,724,133,330,444,647,836,259,800,10,414,760,215
"KDELR3",6,762,112,549,770,865,335,678,782,251,845,527,933,442,714,960,596,943,576,317,162,536,516,703,533,404,783,234,330,407,918,37,517,90,614,639,288,457,773,134,423,49,0,334,741,548,583,649,9,884,696,577,19,404,590,809,472,759
"CXCL8",117,796,326,352,349,40,925,871,175,810,938,80,771,310,173,879,72,21,594,425,498,654,622,623,252,298,94,286,609,312,417,738,657,174,290,528,836,789,674,711,612,637,334,0,703,681,581,100,943,227,228,205,611,604,164,629,249,234
"CALR",190,334,336,665,110,91,599,496,340,575,391,549,27,612,363,169,152,673,8,424,404,50,858,856,873,602,22,247,314,959,383,350,500,317,709,245,9,119,119,658,20,795,741,703,0,60,18,372,341,967,343,4,282,702,68,630,941,485
"HYOU1",648,534,950,970,352,270,267,73,766,734,57,512,905,815,443,187,846,480,16,951,12,34,439,301,696,496,54,925,843,314,30,254,551,379,91,950,4,524,834,370,651,467,548,681,60,0,797,113,840,240,397,459,996,792,2,755,856,308
"GSK3A",286,747,313,481,996,44,463,594,70,36,388,918,190,212,28,866,203,140,719,898,272,907,52,125,307,953,57,212,200,143,453,405,291,334,147,840,358,160,631,761,8,724,583,581,18,797,0,101,466,483,6,51,722,677,238,81,402,502
"ASNS",136,319,244,318,163,657,879,117,691,30,611,25,969,601,22,133,475,675,500,89,736,947,357,190,27,358,838,186,627,226,112,501,863,746,111,16,204,886,44,2,458,133,649,100,372,113,101,0,19,346,844,755,233,70,819,271,55,593
"PREB",249,784,192,525,497,350,99,27,200,569,53,816,765,828,272,557,743,433,146,568,211,118,268,363,893,62,303,607,603,421,631,902,850,280,59,703,20,399,652,695,808,330,9,943,341,840,466,19,0,326,579,190,566,106,74,997,668,313
"SSR1",315,892,181,66,76,4,706,229,971,852,408,280,44,325,494,373,29,767,110,948,34,387,139,280,739,974,3,275,798,315,542,399,979,553,309,728,57,572,255,730,748,444,884,227,967,240,483,346,326,0,230,8,203,839,370,593,907,75
"CXXC1",913,192,25,796,26,462,802,257,829,327,114,246,393,241,164,655,751,447,81,493,939,423,846,978,364,97,22,331,717,762,425,6,529,625,626,568,17,142,416,942,17,647,696,228,343,397,6,844,579,230,0,0,557,282,744,403,526,266
"MYDGF",3,270,411,235,248,27,24,375,469,207,178,284,0,18,27,101,6,68,942,219,165,486,435,81,183,607,44,978,144,441,7,543,498,23,922,967,584,148,459,151,181,836,577,205,4,459,51,755,190,8,0,0,373,87,938,108,39,318
"PPP2R5B",376,626,206,651,88,166,23,16,487,479,242,200,327,809,59,734,379,510,77,341,660,154,802,917,738,358,146,22,724,462,200,67,457,766,10,940,100,315,565,334,197,259,19,611,282,996,722,233,566,203,557,373,0,645,0,963,674,670
"GOSR2",149,307,687,547,672,36,310,55,515,664,42,522,429,300,301,963,36,858,26,480,258,97,71,232,407,297,21,944,498,141,692,606,720,16,333,380,32,445,671,405,978,800,404,604,702,792,677,70,106,839,282,87,645,0,163,117,521,67
"ATF4",381,446,583,103,663,229,403,151,235,526,696,494,849,917,176,203,931,145,455,64,686,373,141,295,725,438,124,485,722,232,50,61,402,838,944,273,720,937,8,164,456,10,590,164,68,2,238,819,74,370,744,938,0,163,0,598,347,355
"GFPT1",265,872,991,713,603,389,459,393,954,471,273,33,705,472,907,464,317,702,667,101,41,357,561,841,361,449,451,506,862,923,199,692,725,111,964,436,23,932,686,678,907,414,809,629,630,755,81,271,997,593,403,108,963,117,598,0,945,141
"PDIA6",19,838,880,740,819,31,826,104,805,655,200,87,968,973,300,527,35,845,308,327,262,366,171,210,440,582,133,848,924,354,165,755,621,33,381,328,98,594,998,980,875,760,472,249,941,856,402,55,668,907,526,39,674,521,347,945,0,16
"ATF3",247,426,406,915,50,218,28,728,840,83,398,87,163,8,85,84,182,270,108,31,167,190,661,29,83,113,697,808,434,311,2,545,970,112,975,324,372,765,423,306,701,215,759,234,485,308,502,593,313,75,266,318,670,67,355,141,16,0
